1.5425369940988567
1.550179621650131
1.5481097433549942
1.5484281861696305
1.5455622008379026
1.5485874075769488
1.5447660938013117
1.5430146583208113
1.547313636318403
1.5484281861696305
1.5468359720964484
1.5420593298769019
1.5463583078744938
1.5431738797281294
1.5442884295793569
1.5471544149110847
1.5446068723939934
1.550179621650131
1.549542736020858
1.5433331011354476
1.5463583078744938
1.5471544149110847
1.5485874075769488
1.5500204002428126
1.5417408870622655
1.547313636318403
1.5474728577257213
1.5477913005403576
1.5393525659524923
1.547313636318403
1.5463583078744938
1.5485874075769488
1.5508165072794038
1.5484281861696305
1.5481097433549942
1.5465175292818119
1.547950521947676
1.545084536615948
1.5474728577257213
1.5468359720964484
1.5447660938013117
1.547950521947676
1.5447660938013117
1.5449253152086297
1.5482689647623122
1.543492322542766
1.5441292081720388
1.5492242932062217
1.5458806436525392
1.547950521947676
1.5444476509866751
1.5489058503915851
1.5447660938013117
1.5463583078744938
1.5487466289842668
1.5476320791330394
1.5454029794305844
1.5497019574281763
1.5498611788354943
1.5452437580232663
1.547313636318403
1.5454029794305844
1.5458806436525392
1.5436515439500842
1.542855436913493
1.5497019574281763
1.5487466289842668
1.5489058503915851
1.547950521947676
1.5444476509866751
1.5436515439500842
1.5492242932062217
1.5447660938013117
1.545084536615948
1.5469951935037667
1.5492242932062217
1.5466767506891301
1.5477913005403576
1.545084536615948
1.543492322542766
1.5422185512842201
1.5498611788354943
1.5444476509866751
1.5458806436525392
1.5442884295793569
1.5485874075769488
1.5461990864671755
1.5466767506891301
1.5463583078744938
1.5476320791330394
1.5471544149110847
1.5487466289842668
1.5447660938013117
1.545721422245221
1.5419001084695838
1.5463583078744938
1.5438107653574022
1.5444476509866751
1.5455622008379026
1.5471544149110847
1.5460398650598572
1.5489058503915851
1.5490650717989034
1.5469951935037667
1.5469951935037667
1.5446068723939934
1.5423777726915384
1.5474728577257213
1.5481097433549942
1.5461990864671755
1.5471544149110847
1.5481097433549942
1.5481097433549942
1.547313636318403
1.5500204002428126
1.5497019574281763
1.5446068723939934
1.5503388430574492
1.5465175292818119
1.5431738797281294
1.5465175292818119
1.5487466289842668
1.547950521947676
1.542855436913493
1.5493835146135397
1.5468359720964484
1.5422185512842201
1.5460398650598572
1.5465175292818119
1.5466767506891301
1.5436515439500842
1.5438107653574022
1.5423777726915384
1.5463583078744938
1.5482689647623122
1.5431738797281294
1.5493835146135397
1.5477913005403576
1.5438107653574022
1.5436515439500842
1.5436515439500842
1.5465175292818119
1.5452437580232663
1.5469951935037667
1.5461990864671755
1.5455622008379026
1.549542736020858
1.5444476509866751
1.5461990864671755
1.5460398650598572
1.5463583078744938
1.5468359720964484
1.5477913005403576
1.5458806436525392
1.5444476509866751
1.5468359720964484
1.5460398650598572
1.547950521947676
1.5409447800256744
1.5493835146135397
1.5490650717989034
1.5484281861696305
1.5449253152086297
1.5449253152086297
1.5447660938013117
1.5454029794305844
1.5471544149110847
1.5477913005403576
1.5503388430574492
1.5487466289842668
1.5469951935037667
1.5471544149110847
1.5469951935037667
1.5446068723939934
1.545084536615948
1.550179621650131
1.5465175292818119
1.5438107653574022
1.5441292081720388
1.547950521947676
1.5474728577257213
1.5487466289842668
1.5482689647623122
1.5471544149110847
1.5477913005403576
1.5493835146135397
1.5463583078744938
1.5442884295793569
1.5506572858720855
1.5458806436525392
1.5489058503915851
1.5463583078744938
1.5426962155061748
1.5484281861696305
1.5503388430574492
1.5477913005403576
1.5463583078744938
1.5471544149110847
1.545721422245221
1.5469951935037667
1.5465175292818119
1.545084536615948
1.5465175292818119
1.545084536615948
1.5439699867647205
1.547313636318403
1.5447660938013117
1.5461990864671755
1.5442884295793569
1.5454029794305844
1.5481097433549942
1.5485874075769488
1.5430146583208113
1.5481097433549942
1.5469951935037667
1.550179621650131
1.5474728577257213
1.5441292081720388
1.5449253152086297
1.5497019574281763
1.5481097433549942
1.542855436913493
1.5438107653574022
1.5441292081720388
1.5497019574281763
1.5465175292818119
1.5481097433549942
1.5468359720964484
1.5452437580232663
1.5460398650598572
1.5463583078744938
1.5477913005403576
1.5490650717989034
1.5446068723939934
1.5465175292818119
1.5452437580232663
1.5454029794305844
1.5474728577257213
1.5444476509866751
1.5489058503915851
1.5503388430574492
1.5458806436525392
1.5454029794305844
1.550179621650131
1.5446068723939934
1.5476320791330394
1.5442884295793569
1.5492242932062217
1.5420593298769019
1.5441292081720388
1.5466767506891301
1.542855436913493
1.5468359720964484
1.5411040014329926
1.545721422245221
1.5485874075769488
1.545721422245221
1.5485874075769488
1.5476320791330394
1.5465175292818119
1.5454029794305844
1.5485874075769488
1.5468359720964484
1.5463583078744938
1.5465175292818119
1.5449253152086297
1.5452437580232663
1.5506572858720855
1.545084536615948
1.545084536615948
1.5431738797281294
1.547950521947676
1.5446068723939934
1.5482689647623122
1.5477913005403576
1.5452437580232663
1.5426962155061748
1.5489058503915851
1.5498611788354943
1.5447660938013117
1.5425369940988567
1.547313636318403
1.547950521947676
1.5425369940988567
1.5439699867647205
1.5481097433549942
1.5474728577257213
1.5446068723939934
1.5455622008379026
1.5465175292818119
1.5454029794305844
1.5407855586183563
1.5468359720964484
1.5454029794305844
1.5484281861696305
1.5403078943964017
1.5512941715013584
1.5477913005403576
1.5426962155061748
1.545084536615948
1.5444476509866751
1.5455622008379026
1.541263222840311
1.5449253152086297
1.5465175292818119
1.5514533929086767
1.5500204002428126
1.5492242932062217
1.5441292081720388
1.5476320791330394
1.5463583078744938
1.547950521947676
1.5481097433549942
1.543492322542766
1.5439699867647205
1.5431738797281294
1.5503388430574492
1.5489058503915851
1.5477913005403576
1.545721422245221
1.5455622008379026
1.5471544149110847
1.5441292081720388
1.5471544149110847
1.5455622008379026
1.5449253152086297
1.5454029794305844
1.545721422245221
1.543492322542766
1.5454029794305844
1.5469951935037667
1.5436515439500842
1.5460398650598572
1.5471544149110847
1.5458806436525392
1.5444476509866751
1.5458806436525392
1.5498611788354943
1.5446068723939934
1.5449253152086297
1.5431738797281294
1.550179621650131
1.5425369940988567
1.545721422245221
1.5460398650598572
1.5466767506891301
1.5449253152086297
1.5461990864671755
1.5471544149110847
1.5446068723939934
1.5417408870622655
1.5469951935037667
1.5482689647623122
1.5465175292818119
1.5474728577257213
1.5514533929086767
1.545084536615948
1.5484281861696305
1.5471544149110847
1.5482689647623122
1.5454029794305844
1.5485874075769488
1.5468359720964484
1.5471544149110847
1.5468359720964484
1.5446068723939934
1.545721422245221
1.5484281861696305
1.5430146583208113
1.5458806436525392
1.5492242932062217
1.5474728577257213
1.5454029794305844
1.5422185512842201
1.549542736020858
1.5454029794305844
1.5466767506891301
1.5458806436525392
1.5447660938013117
1.5463583078744938
1.5461990864671755
1.5477913005403576
1.5446068723939934
1.5452437580232663
1.545084536615948
1.545721422245221
1.547313636318403
1.5489058503915851
1.5441292081720388
1.5485874075769488
1.5455622008379026
1.5485874075769488
1.547950521947676
1.5492242932062217
1.5444476509866751
1.5477913005403576
1.5484281861696305
1.5466767506891301
1.5452437580232663
1.5449253152086297
1.5447660938013117
1.5469951935037667
1.5466767506891301
1.5498611788354943
1.5508165072794038
1.5430146583208113
1.5461990864671755
1.5484281861696305
1.5468359720964484
1.5474728577257213
1.5489058503915851
1.5411040014329926
1.5492242932062217
1.5423777726915384
1.5455622008379026
1.5449253152086297
1.5484281861696305
1.5504980644647672
1.5497019574281763
1.5471544149110847
1.5438107653574022
1.545721422245221
1.5426962155061748
1.5446068723939934
1.5497019574281763
1.5481097433549942
1.5466767506891301
1.5455622008379026
1.5442884295793569
1.5454029794305844
1.5458806436525392
1.5452437580232663
1.5446068723939934
1.5426962155061748
1.545721422245221
1.5482689647623122
1.5463583078744938
1.5474728577257213
1.5477913005403576
1.5485874075769488
1.545084536615948
1.5506572858720855
1.5481097433549942
1.549542736020858
1.5482689647623122
1.5466767506891301
1.5446068723939934
1.5487466289842668
1.5454029794305844
1.5449253152086297
1.5477913005403576
1.5471544149110847
1.5461990864671755
1.5442884295793569
1.5485874075769488
1.5466767506891301
1.5466767506891301
1.547950521947676
1.5487466289842668
1.5468359720964484
1.547950521947676
1.5436515439500842
1.5460398650598572
1.5461990864671755
1.5447660938013117
1.5466767506891301
1.5446068723939934
1.5461990864671755
1.5430146583208113
1.547950521947676
1.5463583078744938
1.547950521947676
1.5447660938013117
1.5466767506891301
1.5487466289842668
1.5446068723939934
1.5439699867647205
1.545721422245221
1.5474728577257213
1.5469951935037667
1.5481097433549942
1.5474728577257213
1.5452437580232663
1.5463583078744938
1.5477913005403576
1.5492242932062217
1.5431738797281294
1.545721422245221
1.5461990864671755
1.5465175292818119
1.5460398650598572
1.5506572858720855
1.5509757286867218
1.5485874075769488
1.5469951935037667
1.5442884295793569
1.5485874075769488
1.5465175292818119
1.5492242932062217
1.5425369940988567
1.5468359720964484
1.5455622008379026
1.5465175292818119
1.545721422245221
1.5484281861696305
1.5490650717989034
1.5439699867647205
1.5468359720964484
1.5468359720964484
1.5460398650598572
1.5439699867647205
1.545084536615948
1.5461990864671755
1.5477913005403576
1.5485874075769488
1.5474728577257213
1.549542736020858
1.5498611788354943
1.5487466289842668
1.5431738797281294
1.5452437580232663
1.547950521947676
1.5466767506891301
1.5444476509866751
1.5439699867647205
1.5497019574281763
1.5430146583208113
1.5463583078744938
1.5476320791330394
1.5441292081720388
1.5493835146135397
1.5489058503915851
1.5489058503915851
1.5461990864671755
1.545721422245221
1.5455622008379026
1.5452437580232663
1.5466767506891301
1.5461990864671755
1.5481097433549942
1.551771835723313
1.5503388430574492
1.543492322542766
1.5436515439500842
1.5466767506891301
1.545721422245221
1.5461990864671755
1.5461990864671755
1.5419001084695838
1.5420593298769019
1.5482689647623122
1.5481097433549942
1.5455622008379026
1.5447660938013117
1.545721422245221
1.5436515439500842
1.5512941715013584
1.5484281861696305
1.5436515439500842
1.5466767506891301
1.5484281861696305
1.5446068723939934
1.5497019574281763
1.5471544149110847
1.5452437580232663
1.5449253152086297
1.5481097433549942
1.545084536615948
1.5482689647623122
1.5476320791330394
1.5465175292818119
1.5461990864671755
1.5442884295793569
1.5426962155061748
1.5466767506891301
1.5477913005403576
1.5465175292818119
1.545084536615948
1.5504980644647672
1.5471544149110847
1.5465175292818119
1.5465175292818119
1.5449253152086297
1.5458806436525392
1.5481097433549942
1.5482689647623122
1.5444476509866751
1.5430146583208113
1.5461990864671755
1.5455622008379026
1.5468359720964484
1.5474728577257213
1.5422185512842201
1.5455622008379026
1.5506572858720855
1.5484281861696305
1.5449253152086297
1.5490650717989034
1.5438107653574022
1.5444476509866751
1.5431738797281294
1.5482689647623122
1.5492242932062217
1.5446068723939934
1.542855436913493
1.5441292081720388
1.5484281861696305
1.5492242932062217
1.5485874075769488
1.5458806436525392
1.5438107653574022
1.5461990864671755
1.545084536615948
1.5481097433549942
1.5516126143159947
1.5439699867647205
1.5447660938013117
1.5461990864671755
1.5489058503915851
1.5460398650598572
1.547313636318403
1.545084536615948
1.5466767506891301
1.5506572858720855
1.5455622008379026
1.5461990864671755
1.5477913005403576
1.5471544149110847
1.5482689647623122
1.5463583078744938
1.5481097433549942
1.5430146583208113
1.5458806436525392
1.5460398650598572
1.5460398650598572
1.551771835723313
1.5504980644647672
1.5469951935037667
1.5482689647623122
1.5487466289842668
1.5481097433549942
1.5458806436525392
1.5484281861696305
1.5484281861696305
1.5489058503915851
1.5468359720964484
1.5452437580232663
1.5511349500940401
1.5404671158037198
1.5468359720964484
1.5471544149110847
1.547950521947676
1.542855436913493
1.5481097433549942
1.5490650717989034
1.5449253152086297
1.5471544149110847
1.5489058503915851
1.5444476509866751
1.5449253152086297
1.5455622008379026
1.5447660938013117
1.547950521947676
1.547950521947676
1.5446068723939934
1.5430146583208113
1.547950521947676
1.5508165072794038
1.5455622008379026
1.5463583078744938
1.5474728577257213
1.5487466289842668
1.5463583078744938
1.5506572858720855
1.5471544149110847
1.5447660938013117
1.5436515439500842
1.542855436913493
1.5468359720964484
1.5452437580232663
1.5487466289842668
1.5439699867647205
1.549542736020858
1.5490650717989034
1.5497019574281763
1.5444476509866751
1.5458806436525392
1.5503388430574492
1.5431738797281294
1.5447660938013117
1.5455622008379026
1.5481097433549942
1.5468359720964484
1.5484281861696305
1.5431738797281294
1.5444476509866751
1.5460398650598572
1.545721422245221
1.543492322542766
1.5471544149110847
1.5431738797281294
1.5487466289842668
1.5449253152086297
1.5460398650598572
1.5439699867647205
1.5452437580232663
1.5487466289842668
1.5449253152086297
1.5490650717989034
1.545721422245221
1.5460398650598572
1.5461990864671755
1.5511349500940401
1.547950521947676
1.5449253152086297
1.5481097433549942
1.5441292081720388
1.5471544149110847
1.5465175292818119
1.5439699867647205
1.545084536615948
1.545721422245221
1.5463583078744938
1.5474728577257213
1.5490650717989034
1.5489058503915851
1.5449253152086297
1.543492322542766
1.5439699867647205
1.5504980644647672
1.5458806436525392
1.5485874075769488
1.5465175292818119
1.5490650717989034
1.545084536615948
1.5489058503915851
1.5477913005403576
1.5446068723939934
1.5426962155061748
1.545084536615948
1.5466767506891301
1.5500204002428126
1.542855436913493
1.5465175292818119
1.5463583078744938
1.5497019574281763
1.5460398650598572
1.5484281861696305
1.5487466289842668
1.547313636318403
1.5454029794305844
1.5449253152086297
1.542855436913493
1.545721422245221
1.5466767506891301
1.5469951935037667
1.5476320791330394
1.5511349500940401
1.5485874075769488
1.545721422245221
1.5476320791330394
1.5447660938013117
1.5439699867647205
1.5458806436525392
1.5452437580232663
1.5442884295793569
1.5433331011354476
1.5465175292818119
1.5447660938013117
1.5508165072794038
1.5509757286867218
1.5468359720964484
1.5460398650598572
1.5498611788354943
1.5430146583208113
1.5441292081720388
1.543492322542766
1.551771835723313
1.5489058503915851
1.5460398650598572
1.5439699867647205
1.5431738797281294
1.545084536615948
1.5484281861696305
1.5497019574281763
1.5439699867647205
1.5446068723939934
1.5474728577257213
1.5509757286867218
1.545084536615948
1.5460398650598572
1.5471544149110847
1.5493835146135397
1.5446068723939934
1.5411040014329926
1.5455622008379026
1.5476320791330394
1.5533640497964951
1.5484281861696305
1.5487466289842668
1.5441292081720388
1.545084536615948
1.5465175292818119
1.547313636318403
1.5476320791330394
1.5506572858720855
1.5481097433549942
1.5439699867647205
1.5465175292818119
1.5466767506891301
1.5484281861696305
1.5447660938013117
1.5471544149110847
1.5460398650598572
1.5436515439500842
1.5449253152086297
1.5455622008379026
1.5492242932062217
1.5469951935037667
1.5452437580232663
1.547313636318403
1.543492322542766
1.5430146583208113
1.5500204002428126
1.5466767506891301
1.5455622008379026
1.5482689647623122
1.5485874075769488
1.5452437580232663
1.5489058503915851
1.5466767506891301
1.549542736020858
1.5484281861696305
1.5482689647623122
1.5454029794305844
1.5430146583208113
1.5449253152086297
1.5446068723939934
1.5458806436525392
1.5498611788354943
1.5500204002428126
1.5449253152086297
1.5442884295793569
1.551771835723313
1.5481097433549942
1.5474728577257213
1.5461990864671755
1.5441292081720388
1.547950521947676
1.5493835146135397
1.5433331011354476
1.545721422245221
1.543492322542766
1.5484281861696305
1.5425369940988567
1.5471544149110847
1.547313636318403
1.5444476509866751
1.545721422245221
1.5503388430574492
1.5500204002428126
1.5446068723939934
1.5481097433549942
1.5442884295793569
1.545084536615948
1.5497019574281763
1.5504980644647672
1.5447660938013117
1.5504980644647672
1.5454029794305844
1.5493835146135397
1.547950521947676
1.5441292081720388
1.5476320791330394
1.5535232712038134
1.5439699867647205
1.5476320791330394
1.543492322542766
1.5425369940988567
1.542855436913493
1.5465175292818119
1.5463583078744938
1.5455622008379026
1.545721422245221
1.5469951935037667
1.5431738797281294
1.5465175292818119
1.5455622008379026
1.5468359720964484
1.5469951935037667
1.5498611788354943
1.545721422245221
1.5469951935037667
1.5474728577257213
1.5481097433549942
1.545084536615948
1.5444476509866751
1.5458806436525392
1.5469951935037667
1.5482689647623122
1.5438107653574022
1.5492242932062217
1.550179621650131
1.542855436913493
1.5482689647623122
1.5460398650598572
1.543492322542766
1.542855436913493
1.5489058503915851
1.5482689647623122
1.5482689647623122
1.5503388430574492
1.5481097433549942
1.5460398650598572
1.5460398650598572
1.549542736020858
1.5444476509866751
1.543492322542766
1.5436515439500842
1.5446068723939934
1.5439699867647205
1.5444476509866751
1.5401486729890834
1.5433331011354476
1.5449253152086297
1.547950521947676
1.5471544149110847
1.541263222840311
1.5471544149110847
1.5444476509866751
1.5482689647623122
1.5484281861696305
1.5447660938013117
1.5444476509866751
1.5454029794305844
1.5485874075769488
1.5465175292818119
1.5493835146135397
1.5458806436525392
1.5468359720964484
1.5487466289842668
1.5484281861696305
1.5441292081720388
1.5481097433549942
1.5466767506891301
1.5399894515817651
1.545084536615948
1.5438107653574022
1.5469951935037667
1.5468359720964484
1.5477913005403576
1.5433331011354476
1.5487466289842668
1.547950521947676
1.5460398650598572
1.5484281861696305
1.547950521947676
1.5465175292818119
1.5482689647623122
1.5482689647623122
1.5471544149110847
1.547950521947676
1.5444476509866751
1.5500204002428126
1.5442884295793569
1.5468359720964484
1.5447660938013117
1.547313636318403
1.5458806436525392
1.545721422245221
1.5468359720964484
1.5476320791330394
1.5463583078744938
1.5449253152086297
1.5471544149110847
1.543492322542766
1.5449253152086297
1.5474728577257213
1.5425369940988567
1.5466767506891301
1.5477913005403576
1.5444476509866751
1.5512941715013584
1.5474728577257213
1.5490650717989034
1.5493835146135397
1.5454029794305844
1.5463583078744938
1.5439699867647205
1.5438107653574022
1.5460398650598572
1.5469951935037667
1.5476320791330394
1.5468359720964484
1.5489058503915851
1.5439699867647205
1.5476320791330394
1.5489058503915851
1.5452437580232663
1.547950521947676
