1.54176
1.52016
1.55344
1.54944
1.54112
1.5464
1.5464
1.55392
1.55824
1.56736
1.54912
1.55888
1.5568
1.5472
1.54896
1.55296
1.55184
1.57744
1.54512
1.56048
1.53088
1.5656
1.57056
1.56368
1.58768
1.54368
1.58128
1.55792
1.55936
1.52736
1.56464
1.53536
1.5352
1.53808
1.54896
1.56384
1.53776
1.5432
1.54336
1.5456
1.54832
1.50192
1.54496
1.54464
1.54896
1.5416
1.56224
1.55952
1.55952
1.53696
1.54528
1.5512
1.51936
1.55248
1.52768
1.572
1.5504
1.55488
1.53968
1.51312
1.5448
1.54048
1.53792
1.54176
1.53648
1.572
1.5544
1.52896
1.53888
1.55904
1.54912
1.55216
1.5384
1.55232
1.53568
1.54496
1.54944
1.5488
1.56112
1.5632
1.54096
1.56672
1.55712
1.5472
1.54832
1.53808
1.56464
1.5688
1.52544
1.53824
1.54384
1.53936
1.56272
1.5232
1.54736
1.54896
1.55584
1.5576
1.53744
1.52688
1.57264
1.5456
1.55424
1.5472
1.54208
1.56896
1.53888
1.53296
1.55072
1.54688
1.56
1.55872
1.51312
1.56096
1.53104
1.53952
1.54848
1.5632
1.54048
1.5496
1.5336
1.54832
1.55504
1.54752
1.528
1.55504
1.55808
1.56128
1.54592
1.55456
1.5392
1.54736
1.55968
1.56496
1.54432
1.56096
1.52928
1.53968
1.55984
1.5536
1.53584
1.5608
1.54416
1.53056
1.52896
1.54048
1.54944
1.53168
1.51792
1.5536
1.54592
1.56128
1.55712
1.57488
1.53824
1.54304
1.55376
1.53184
1.57664
1.53808
1.55088
1.5216
1.54672
1.56464
1.54592
1.55232
1.5352
1.56864
1.53536
1.52512
1.55968
1.53728
1.55264
1.54592
1.54608
1.56528
1.55808
1.55504
1.552
1.54992
1.54272
1.54336
1.52896
1.54128
1.5648
1.56208
1.5688
1.54176
1.53856
1.54384
1.54256
1.56
1.57072
1.57312
1.54336
1.54336
1.56928
1.55568
1.55376
1.54864
1.5456
1.52592
1.53744
1.54208
1.53696
1.56128
1.56336
1.57088
1.52
1.51936
1.55616
1.54528
1.5432
1.53184
1.53328
1.54864
1.55952
1.54448
1.556
1.53472
1.54416
1.56592
1.568
1.56064
1.53024
1.52528
1.55744
1.5504
1.51968
1.5376
1.51904
1.53632
1.56016
1.528
1.57648
1.53888
1.5336
1.55376
1.53536
1.51728
1.53728
1.52752
1.53536
1.5544
1.5672
1.55152
1.56032
1.55568
1.5264
1.53968
1.56736
1.56272
1.52096
1.52752
1.56896
1.5248
1.55552
1.5256
1.55616
1.54976
1.52992
1.53888
1.5672
1.54656
1.54816
1.53312
1.54016
1.56112
1.53792
1.5464
1.53152
1.56976
1.56288
1.55088
1.55632
1.53952
1.5408
1.53216
1.55056
1.56592
1.57984
1.55616
1.556
1.52416
1.54144
1.5728
1.55344
1.52624
1.5144
1.51424
1.56624
1.55584
1.54192
1.54064
1.54896
1.57136
1.56624
1.53952
1.52
1.52512
1.51984
1.57808
1.56208
1.536
1.55136
1.5504
1.5488
1.56992
1.53872
1.53632
1.54416
1.56064
1.55168
1.5368
1.5552
1.5544
1.53616
1.53024
1.54128
1.5576
1.57504
1.53872
1.54768
1.54912
1.56528
1.57088
1.55504
1.53792
1.55952
1.57168
1.53824
1.54624
1.552
1.54768
1.54336
1.53664
1.52528
1.54032
1.54896
1.55232
1.55008
1.54432
1.54656
1.54096
1.55344
1.55664
1.52336
1.55312
1.54832
1.544
1.556
1.5104
1.55584
1.54688
1.544
1.55744
1.54128
1.55456
1.54528
1.52672
1.54688
1.5376
1.5352
1.5632
1.54864
1.548
1.56464
1.56304
1.55648
1.55216
1.52688
1.51696
1.54192
1.56512
1.548
1.55888
1.55712
1.54144
1.5592
1.5672
1.5176
1.54688
1.54544
1.55424
1.56112
1.56
1.54928
1.56
1.52752
1.54256
1.52224
1.55488
1.56016
1.53392
1.55264
1.51488
1.57264
1.54976
1.53024
1.54688
1.54416
1.5368
1.51136
1.5704
1.53808
1.53872
1.5352
1.53104
1.53856
1.55712
1.55776
1.54624
1.52784
1.57024
1.53232
1.56144
1.54672
1.56352
1.5592
1.51616
1.56528
1.57088
1.54608
1.51552
1.54944
1.54816
1.51984
1.54176
1.54048
1.51024
1.52464
1.56656
1.56272
1.56528
1.56672
1.54144
1.56512
1.56016
1.55232
1.52848
1.55456
1.54304
1.55696
1.53344
1.53232
1.53776
1.5432
1.5512
1.53984
1.53856
1.52848
1.53648
1.54128
1.55984
1.53488
1.55648
1.5656
1.54736
1.53632
1.572
1.55376
1.54608
1.5376
1.54064
1.5656
1.5384
1.57488
1.56464
1.55952
1.53184
1.53248
1.55616
1.54208
1.53264
1.57552
1.51776
1.5664
1.55456
1.54256
1.55984
1.55904
1.54416
1.54576
1.53952
1.5632
1.56928
1.52784
1.53728
1.54464
1.57232
1.56416
1.5352
1.56576
1.56
1.54032
1.52032
1.56336
1.53664
1.54528
1.53296
1.552
1.54512
1.55792
1.5504
1.5984
1.53696
1.52272
1.52656
1.53184
1.53088
1.52752
1.548
1.54928
1.53792
1.54512
1.5432
1.53584
1.556
1.55152
1.55296
1.53008
1.55472
1.5336
1.56192
1.5264
1.544
1.5464
1.5552
1.55696
1.5296
1.54656
1.55088
1.57984
1.53648
1.50384
1.5824
1.54032
1.54368
1.5432
1.54816
1.5512
1.5672
1.53856
1.55984
1.55648
1.54272
1.53488
1.5632
1.54496
1.54832
1.54624
1.55184
1.5688
1.53984
1.53632
1.56592
1.54688
1.5704
1.53984
1.55616
1.5448
1.57216
1.53168
1.53904
1.53008
1.54528
1.5344
1.54544
1.53952
1.5376
1.5424
1.57168
1.53344
1.5456
1.56496
1.57552
1.54832
1.55728
1.54944
1.56336
1.56544
1.55216
1.5536
1.53984
1.5712
1.54912
1.53888
1.55344
1.55136
1.54992
1.53728
1.57456
1.54992
1.5432
1.54432
1.56016
1.53952
1.57504
1.54176
1.5504
1.54192
1.54976
1.52688
1.56576
1.55152
1.53648
1.54368
1.54624
1.55712
1.54272
1.5504
1.56784
1.5368
1.55344
1.552
1.53008
1.54208
1.5448
1.52352
1.54064
1.54912
1.54752
1.51056
1.56176
1.56816
1.55664
1.544
1.552
1.55488
1.54
1.54896
1.54832
1.54448
1.54064
1.5496
1.55392
1.51712
1.55216
1.5568
1.54624
1.56032
1.56304
1.55952
1.53888
1.54608
1.564
1.57072
1.5352
1.54288
1.5216
1.54448
1.53904
1.55008
1.57472
1.54704
1.56288
1.53936
1.54032
1.5304
1.5608
1.56576
1.51264
1.52176
1.54384
1.54528
1.5328
1.5296
1.55104
1.53872
1.5584
1.55008
1.53216
1.57008
1.54672
1.54128
1.52288
1.53728
1.5384
1.544
1.55008
1.52288
1.5328
1.54912
1.5736
1.51728
1.55104
1.55856
1.54064
1.5552
1.52608
1.52464
1.51744
1.53232
1.5216
1.53344
1.52192
1.54928
1.54032
1.54192
1.52848
1.54224
1.55296
1.55808
1.52208
1.56096
1.5784
1.54368
1.55824
1.5608
1.51088
1.55728
1.54832
1.55344
1.5344
1.5544
1.5184
1.54496
1.55104
1.55296
1.52944
1.5432
1.55696
1.52752
1.52592
1.57856
1.55536
1.54288
1.53872
1.55536
1.57344
1.5312
1.54592
1.57744
1.57408
1.53824
1.55376
1.55632
1.54896
1.5472
1.54736
1.57424
1.56784
1.52896
1.53488
1.53952
1.51888
1.58256
1.55584
1.55888
1.528
1.55904
1.52192
1.57536
1.52576
1.53648
1.56176
1.5376
1.55536
1.54304
1.54784
1.53872
1.54288
1.556
1.55824
1.53232
1.56
1.54432
1.548
1.55104
1.5448
1.55152
1.53648
1.56128
1.5584
1.56256
1.5432
1.54688
1.56016
1.5688
1.54384
1.53664
1.56384
1.53952
1.51936
1.55904
1.52864
1.53584
1.55408
1.54848
1.53696
1.51216
1.53472
1.53776
1.56176
1.54272
1.5304
1.54352
1.5432
1.54608
1.55776
1.56768
1.55088
1.52272
1.54624
1.55664
1.55536
1.55648
1.54608
1.56096
1.51536
1.53168
1.53024
1.54576
1.55712
1.54144
1.54176
1.5648
1.532
1.55872
1.53696
1.5296
1.5184
1.548
1.51856
1.5336
1.55488
1.55184
1.52128
1.55424
1.52768
1.5528
1.56336
1.54624
1.54512
1.54896
1.55584
1.54464
1.56048
1.53952
1.54592
1.54832
1.55008
1.5768
1.57024
1.53888
1.55248
1.5616
1.54848
1.54848
1.52368
1.55744
1.54528
1.53488
1.55008
1.55184
1.5568
1.5368
1.53296
1.54272
1.52768
1.53696
1.556
1.54
1.54192
1.52528
1.53168
1.53584
1.54864
1.53024
1.53856
1.57936
1.51312
1.55264
1.5568
1.55232
1.54464
1.56064
1.55104
1.56064
1.5568
1.54352
1.5832
1.52784
1.5664
1.53696
1.55168
1.54096
1.5336
1.58672
1.56544
1.55088
1.53984
1.55488
1.55008
1.53968
1.55504
1.53664
1.53776
1.55008
1.55392
1.56608
1.5608
1.54192
1.55888
1.5456
1.53792
1.52864
1.54368
1.54336
1.55152
1.57024
1.54064
1.55744
1.548
1.5488
1.54688
1.53136
1.52976
1.54608
1.52272
1.56672
1.52464
1.55024
1.55472
1.54112
1.5432
1.55696
1.5384
1.54944
1.52896
1.52144
1.5272
1.56432
1.53744
1.5488
1.51744
1.5288
1.5784
1.53392
1.53872
1.54704
1.54688
1.55728
1.5616
1.5408
1.53808
1.5456
1.5512
1.54512
1.56016
1.5256
1.54176
1.52736
1.52288
1.54192
1.56896
1.5312
1.53728
1.54576
1.5368
1.56224
1.54736
1.54624
1.53968
1.57584
1.5416
1.55216
1.53392
1.53392
1.56384
1.5736
1.54112
1.54544
1.55952
1.54464
1.53696
1.5512
1.53504
1.55376
1.54448
1.54656
1.54256
1.5432
1.54272
1.55968
1.56128
1.54288
1.53568
1.5344
1.53488
1.52688
1.56352
1.56672
1.55856
1.53648
1.5848
1.52432
1.53648
1.53776
1.56752
