26039
25984
25810
25761
25828
25702
25911
25645
25820
25998
25789
25566
25790
25870
26070
25637
25751
25776
25757
25828
25773
25792
25694
25957
25827
25509
25656
25807
25687
25766
25751
25871
25635
25689
25817
25827
25519
25680
25904
25885
25703
25892
25852
25751
25881
25604
25687
25724
25619
25421
25664
25788
25513
25732
25949
25752
25576
25901
25746
25624
25754
25796
25664
25917
25840
25609
25776
25787
25815
25838
25629
25904
25566
25734
25987
25704
25653
25813
25854
25687
25734
25630
25749
25855
25869
25694
25913
25678
25592
25794
25792
25730
25669
25957
25775
25650
25761
25916
25801
25694
25603
25762
25635
25827
25908
25904
25644
25847
25696
25765
25802
25959
26110
25578
25747
25952
25824
25749
25735
25919
25714
25852
25675
25891
25829
25853
25820
25813
25948
25665
25723
25704
25723
26003
25774
25796
25814
25701
25835
25834
25895
25724
25772
25707
25846
25710
25662
25487
25614
25627
25740
25552
25907
25726
25650
25507
25844
25770
25942
25824
25873
25716
25650
26018
25721
25421
25926
26082
25783
25752
25917
25757
25727
25522
25896
25838
25746
25793
26139
25801
25662
25709
25681
25948
25911
25819
25842
25749
25871
25854
25731
25487
25667
25656
25759
25846
25702
25756
25805
25732
25711
25661
25854
25533
25824
25526
25838
25958
25590
25637
25945
25881
25632
25777
25892
25882
25709
25952
25518
25832
25718
25767
25668
25648
25991
25684
25874
26000
25848
25733
25734
25759
25835
25869
25537
25737
25844
25851
25722
25478
25734
25708
25847
25847
25855
25807
25671
26088
25872
25827
25973
25795
25865
25586
25786
25817
25763
25977
25789
25755
25861
25793
25675
25797
25708
25608
25858
25726
25647
25798
25648
25649
25979
25783
25820
25500
25763
25648
25809
25651
25914
25791
25894
26041
25921
25655
25965
25694
26035
25872
25681
25698
25715
25792
25881
25748
25541
25912
25734
25550
25746
25956
25678
25891
25542
25773
25926
25765
25759
25726
25651
25810
25853
25949
25548
25525
25909
25709
26048
25929
25692
25634
25706
25720
25918
25738
25497
25813
25724
25626
26104
25843
25776
25673
25798
25813
25820
25606
25953
26009
25664
25858
25677
25790
25660
25719
25752
25630
25837
25713
25609
25720
25723
25717
25937
25835
25934
25566
25842
25603
25663
25843
25701
25734
25781
25722
25701
25668
25849
25599
25866
25988
25772
25923
25607
25826
25765
25523
25740
25798
25672
25722
25747
25739
26091
25849
25811
25930
25979
25821
26122
25787
25738
25840
25996
25624
26082
25955
26104
25841
26101
25589
25582
25988
25762
25714
25885
25837
25836
25820
25746
25637
25961
25797
25865
25915
25911
25890
26008
25795
25864
26044
25831
26082
25817
25865
25887
25743
25787
25669
25670
25911
25823
25693
25859
25796
25663
25855
25646
25531
25936
25671
25776
25804
25667
25856
26095
25510
25843
25805
25705
25820
25626
25922
25697
25793
25859
25818
25689
25686
25738
25772
25877
25965
25837
25969
25658
25658
25796
25845
25746
25873
25917
25575
25758
25741
25555
25861
25977
25748
25791
25796
25787
25774
25597
26084
26040
25859
25714
25730
25861
25699
25810
25491
25866
25801
25664
25756
25665
25480
25667
25771
25640
25688
26018
25741
25883
25683
25550
25727
25722
25998
25745
25658
25741
25808
25691
25790
25851
25784
25767
25685
25770
25931
25685
25592
25687
25964
25927
25712
25953
25855
25825
25775
25696
25916
25741
25913
25699
25886
25958
25771
26056
25851
25725
25649
25852
25628
25864
25935
26180
25706
25779
25654
25461
25723
25917
25451
25964
25781
25721
25771
25653
25876
25863
25702
25665
25943
25939
25812
25944
25603
25910
25665
25820
25699
25999
25743
25828
25563
25724
25792
25707
25679
25768
25534
25807
25834
25611
25701
25610
25477
25782
25739
26034
25534
25907
25916
25706
26056
25895
25987
25951
25767
25913
25653
25895
25664
26031
25758
25855
25793
25712
25615
25660
25836
25612
25681
25897
25787
25599
25833
25617
25691
25989
25910
25603
25609
25750
25788
25936
25725
25838
26031
25717
25841
25998
25897
25433
26034
25799
25650
25994
25869
25799
25639
25536
25642
25937
26087
25761
25889
25752
25767
25742
25762
25691
25747
25713
25787
25796
25583
25901
25872
25659
25662
25629
25896
25615
25461
25328
25740
25911
25823
25898
25960
25962
25724
25787
25664
25633
25754
25814
25900
25710
25688
25850
25529
25688
25670
25549
25750
25758
25622
25971
25872
25728
25701
25889
25773
25819
25863
25568
25700
25812
25797
25827
25877
25442
26128
25484
25901
25757
25811
25999
25827
25788
25704
25775
25740
25654
25807
25817
25732
25829
25788
25888
25898
25794
25798
25755
25665
25591
25702
25636
25725
25816
26002
25923
25785
25714
25818
25806
26124
25782
25724
25816
25516
25625
25755
25946
25601
26008
25882
25813
25775
25865
25834
25774
25855
25844
25703
25810
25680
25874
25873
25817
25767
25831
25929
25770
25883
25784
25729
25689
25851
25753
25612
25588
25646
25580
25481
25847
25698
25446
25797
25769
25633
26091
25534
25882
25618
25805
25630
25919
25734
25680
25636
25931
25776
25647
25783
25881
25785
25883
25760
25820
25647
25745
25938
25768
25586
25735
25770
25908
25809
25933
25621
25743
25915
25823
25955
25867
25784
25885
25652
25731
25794
25745
25586
25676
25517
25826
25779
25712
25729
25836
25879
25751
25772
25629
25807
26158
25829
25965
25948
25743
25593
25705
25651
25679
25808
26228
25744
25797
25623
25927
25974
25763
25715
25810
25991
25897
25622
25811
25998
25767
25775
25593
25719
25737
25852
25780
25823
25792
25370
25754
25668
25710
25789
25598
25844
25630
25679
25697
25753
25616
25757
25930
25746
25739
25814
25692
26034
25533
25742
25630
25826
25588
25838
25770
25689
25651
25796
25776
25951
25698
25727
25818
25687
25891
25667
25582
25737
25878
25924
26076
25957
25567
25953
25775
25768
25717
25662
25620
25833
25719
25648
25807
25742
25818
25877
25934
25670
25771
25854
25966
25768
25781
25796
25765
25824
25795
26033
25736
25741
25825
25803
25811
25875
25819
25875
25848
25668
25685
25705
25493
26003
25736
26024
26103
25919
26062
25836
25636
25720
25706
25531
25869
25742
25889
25695
25744
25696
25747
25622
25904
25765
25802
25898
25867
25695
25722
25516
25594
25764
25762
25731
25734
26145
25789
25635
25668
25715
25601
25787
25638
25716
25706
25665
26033
25616
25880
25740
25715
25733
25661
25894
25664
25985
25880
25706
25693
25642
25634
25515
25700
25701
25982
25567
25824
25833
26094
25991
25814
25615
25739
25755
25696
25671
25670
25767
25906
25766
25696
25779
25920
25662
25866
25755
26040
25737
25751
25794
25770
25979
25779
26024
25580
25896
25814
25922
25862
25826
25778
25777
25675
25884
25642
25771
25959
25843
25723
25369
25681
25787
25743
25746
25932
25813
25799
25954
25848
25564
25676
25799
25586
25836
25851
25563
25591
25572
25731
25757
25639
25903
25610
25733
25424
25472
25945
25706
25582
25680
25670
25574
25871
25921
25961
25617
25853
25700
25598
25833
25911
25947
25800
25828
25747
25828
25746
25913
25687
25367
25755
25825
25739
25869
25867
25775
25832
25732
25626
25579
25883
25713
25602
25852
25634
25828
25820
25865
25654
25922
25894
25636
25819
25661
25780
25954
25821
25808
25814
25904
25657
25746
25618
25742
25652
25956
25996
25560
25749
25936
25766
25904
25555
25729
25706
25836
25850
25758
25794
25896
25864
25781
25863
25616
26060
25562
25708
25880
25824
25749
25879
25801
25730
25581
25731
25752
25844
25597
25638
25930
25859
25819
25714
25586
25679
25805
25939
25664
25696
25884
25504
25800
25990
25921
25809
25656
25841
25952
25868
25634
25789
26154
25891
25815
25861
25776
25969
25659
25889
25762
25615
26020
25964
25921
25656
25660
25877
25601
25979
25773
25752
25620
25883
25856
25898
25715
25639
25701
25660
25754
25617
25678
25688
25808
25755
25941
25489
25752
25859
25737
25774
25685
25690
25669
25558
25824
25888
25954
25978
25744
26041
25914
25766
25571
25908
25816
25723
25922
25919
25603
25635
25793
25629
25879
25710
25720
25881
25895
26114
25661
25902
25866
25862
25913
25542
25625
25683
25987
25896
25685
25944
25512
25758
25623
25594
25999
26031
25749
25704
25704
25929
25772
25837
25909
25772
25984
25692
25955
25876
25951
25858
25494
25860
25573
25943
25868
25606
25865
25694
25725
25744
25723
25824
25706
25806
25607
25721
25656
25831
26168
25691
25674
25870
25824
25652
25840
25660
25707
25925
25837
25600
25738
25546
25779
25934
25552
25624
25808
25580
25997
25791
25564
25720
25751
25838
25806
25829
25993
25768
25727
25627
25878
25836
25750
25765
25914
25847
25706
25830
25933
25643
25603
25643
25900
25947
25815
25735
25866
25903
25736
25804
25646
25728
25764
25916
25674
25821
25654
25548
25649
25706
25792
25608
25728
25960
25815
25681
25671
25754
25718
25933
25612
25735
25920
25609
25694
25768
25514
25703
25810
25672
25592
25682
25720
25621
25823
25830
25955
25699
25717
25988
25567
25923
25522
25526
25873
26013
25690
25700
25938
25602
25405
26085
25771
25823
25651
25765
25626
25626
25755
25847
25862
25885
25884
25892
25674
25766
26025
25808
25613
26047
25694
25816
25668
25715
25892
25980
25688
25743
25511
25600
25679
25765
25847
25580
25670
25825
25763
25737
25646
25656
25722
25672
25939
25849
25725
25667
25742
25731
25871
25618
25643
25579
25736
25639
25845
25930
25563
25599
25748
25648
25815
25730
25606
25550
25671
25686
25784
25834
25680
25875
25595
25806
25683
25754
25624
25869
25881
26012
25770
25687
25782
25730
26107
26013
25652
25632
25482
25944
25940
25905
25580
26028
25674
26059
25817
25776
25887
25881
25713
25760
25658
25333
25853
25755
25607
25865
25600
25780
25641
25601
25883
25621
25724
25505
25860
25704
25748
25882
25581
25808
25840
25816
25743
25756
25448
25528
25741
25802
25685
25847
25860
25834
25717
25544
25732
25671
25563
25861
25903
25880
25803
25779
25816
25626
25745
25820
26065
25655
25923
25753
25756
25661
25814
25514
25849
25761
25863
25796
25601
25838
25924
25731
25587
26015
25831
25638
25596
25898
25721
25951
26000
25908
25664
25857
25535
25675
25539
25791
25757
25747
26073
25796
25845
26060
25823
25916
25727
25671
25656
25619
25689
25593
25929
25857
25854
25713
25830
25782
25625
25574
25730
25911
26037
25617
25791
25801
25597
25600
25915
25595
25791
25766
25700
25918
25831
25688
25959
25929
25745
25699
26010
25930
25925
25908
25742
25813
25643
25884
26005
25853
25832
25900
25762
25841
25743
25661
25822
25547
25970
25769
25825
25703
25746
25658
25833
25894
25817
25785
25998
25567
25943
25673
25651
25766
25779
25738
25586
25662
25649
25853
26048
25768
25838
25883
26038
25762
25541
25617
25856
25782
25756
25714
25854
25795
25712
25747
25575
25852
25852
25621
25758
25862
25672
25696
25823
25854
25820
25526
25732
25678
25672
25808
25902
25625
25866
25894
25719
26154
25679
25807
26074
25779
25871
25911
26094
25639
25820
25762
25493
25841
25739
25678
25748
25597
25839
25951
25633
26017
26058
25698
25745
25827
25614
25763
25717
25670
25746
25960
25659
25839
25679
25510
25824
25800
25277
25777
25943
25622
25806
25821
25723
25709
25706
25507
25921
25893
25766
25666
25901
25971
25794
25859
25952
25892
25811
25533
25546
25760
25824
26022
25834
25571
25754
25797
25810
25686
25646
25943
25846
25767
25662
25787
25415
25677
25978
25847
25580
25732
26009
25689
25633
25684
25846
25712
26028
25657
25860
25554
25631
25716
25869
25916
25749
25755
25727
25782
25723
25522
25690
25723
25738
25748
25615
25811
25924
25587
25568
26056
25574
25924
25567
25827
25767
25718
25680
25920
25618
25650
25841
26009
25934
25707
25819
25879
25911
25746
25753
25416
25853
25786
25644
25897
25953
25913
25747
25646
25480
25632
25840
25399
25655
25888
25934
25717
25754
25943
25537
25392
25694
25725
25697
25643
25832
25673
25766
25433
25615
25867
25661
26027
25759
25801
25959
25720
25592
25701
25589
25602
25588
25777
26035
25973
25878
25752
26004
25683
25916
25785
25741
25706
25528
25719
25800
25860
25793
25720
25749
25847
25765
25678
25852
25997
25609
25584
25824
26040
25930
25984
25845
25748
25637
25503
25862
25841
25823
25684
25728
25838
25720
25399
25749
25474
25762
25719
25885
25830
25665
25836
25778
25385
25803
25674
25878
25611
25737
25434
25718
25939
25939
25986
25859
25635
25703
25629
25911
25752
26063
25789
25736
25856
25681
26011
25944
25764
25891
25640
26115
25962
25902
25704
25901
25884
25911
25619
25701
25706
25709
25697
25614
25530
25833
25902
26154
25957
26100
25898
25690
25829
25854
25846
25882
25610
25717
25650
25700
25789
25594
25499
25763
25797
25901
25640
25713
26021
25853
25747
25957
25779
25982
25680
25757
25816
25801
25586
25969
25536
25740
25800
25868
25919
25875
26002
25899
25657
25836
25727
25799
25767
25724
25937
25951
26049
25763
25787
25917
25885
25609
25696
25980
25951
26000
25732
25952
25665
25614
25612
25597
25655
25643
25876
25752
25594
25828
25779
25632
25823
25750
26068
25675
25651
25823
25755
25656
25651
25746
25733
25703
25907
25972
25850
25951
25905
25744
25586
25818
25642
25493
25906
25745
25629
25729
25859
25773
25710
25852
25770
25637
25798
25844
25797
25802
25901
25865
25558
25710
25925
25693
25793
25927
25730
25586
25749
25833
25980
25786
25934
25601
25878
25778
25459
25620
25916
25857
25565
25732
25778
25869
25792
25765
25543
25779
25842
25976
25724
25855
25633
25901
25615
25802
25733
25797
25916
25659
26012
25983
25738
25589
25884
25877
25694
25491
25771
25849
25703
25864
25814
25659
25741
25582
25865
25766
25595
25740
25638
25866
25835
25715
25831
25939
25786
25677
25588
25668
25676
26002
25558
25689
25966
25796
25843
25775
25740
25917
25507
25719
25923
25598
25639
25811
25643
25691
25898
25746
26002
26002
25519
25884
26107
25806
25550
25654
25716
25842
25699
25634
25780
25566
25999
25676
25872
25741
25658
25692
25631
25639
25630
25898
25868
25693
25876
25953
25700
25736
25811
25494
25661
25743
25900
25965
25571
25644
25758
25564
25789
25636
25647
25733
25708
25723
25961
25827
25814
25549
26000
25789
25696
25535
25487
25793
25697
25610
26023
25558
25754
25647
25717
25745
25755
25709
25820
25500
25610
25509
25842
25760
25821
25527
25695
25833
25891
25982
25756
25832
25853
25707
25775
25772
25799
25837
25490
26174
25734
25593
25457
25832
25673
25898
25613
25820
25646
25820
25855
25711
25729
25690
25641
25637
25746
25769
25534
25955
25644
25839
25832
25812
25753
25548
25585
25898
25770
25711
25891
25707
25835
25958
25589
25701
25664
25964
25694
25572
25729
25704
25836
25679
25727
25556
25920
25706
25596
25835
25905
25682
25949
25797
25590
25653
25951
25730
25972
26139
25482
25901
25751
25813
25797
25876
25779
25520
25668
26024
25600
25626
26077
25448
25644
25797
25661
25853
25700
25780
25858
25850
25763
26000
25681
25685
25830
25736
25451
25809
25786
25818
25702
25619
25754
25847
25708
25840
26068
25812
25533
25719
25549
26030
26073
25651
26003
26040
25673
25627
25670
25681
25809
25558
25573
25837
25611
25607
25627
25658
25696
25787
25810
25639
25729
25633
25746
25816
25807
25720
25866
25742
25695
25864
25820
25692
25483
25895
25807
25981
25683
25767
25717
25769
25925
25913
25849
25698
25815
25661
25998
25701
25877
25511
25937
25868
25929
25645
25752
25700
25822
25687
25765
25698
25986
25626
25819
25700
26023
25790
25439
25778
25794
25747
25507
25864
25689
25586
26040
25835
25754
25859
25882
25841
25859
25552
25634
25856
25849
25864
25572
25946
25659
25606
25579
25962
25855
26022
25955
25693
25525
26070
25752
25636
25601
25725
25679
25783
25676
25541
26008
25728
25797
25601
25833
25683
25476
25981
25708
25796
25855
25700
25857
25874
25719
25695
25695
25650
25956
25886
25653
25762
25716
25976
25837
25631
25915
25831
25570
25576
25783
26094
25925
25654
25583
25692
25595
25722
25945
25733
25641
25939
25571
25630
25977
25769
25516
25878
26088
25841
26003
25725
25808
25982
25584
25552
25990
25587
25572
25729
25872
25566
26019
25848
25735
25885
25525
25673
25636
25626
25826
25928
25620
25703
25727
25624
25911
25538
25752
25867
25781
25654
25775
25914
25525
25995
25732
25965
25813
25745
25741
25737
25680
25831
25393
25718
25879
25802
25701
25847
25857
25809
25834
25719
25905
25759
25757
25640
25916
25615
25437
25767
25997
25799
25902
25831
25672
25778
25726
25736
25706
25631
25576
25761
25837
25761
25742
25852
25913
25715
25723
25619
25639
25799
25703
25679
25830
25941
25486
25890
25588
25772
25907
25890
25691
25881
26004
25726
25851
26081
25739
25745
25813
26011
25910
25891
26015
25629
25999
25758
25901
25793
25619
25608
25631
25865
25971
25842
25731
25803
25833
25581
25454
25656
25807
25589
26022
25651
25695
26008
25901
25974
25765
25499
25701
26037
25761
25873
25765
25983
25523
25808
25659
25800
26025
25504
26094
25745
25884
25907
25682
25879
25785
25654
25519
25711
25804
25882
25719
25914
25676
25908
25614
25778
25648
25686
25648
25780
25797
25658
25787
25760
25850
25748
25779
25765
25782
25629
25639
25855
25586
25694
25986
25851
25507
25787
25814
25849
25643
25781
25773
25762
25710
25893
25850
25646
25729
25963
25952
25982
25857
25778
25664
25816
25828
25672
25892
25637
25730
26039
25795
25686
25732
25928
25711
25601
25852
25848
25690
25759
25608
25802
25731
25960
25797
25858
25699
25846
25629
25619
25824
25946
25599
25630
25604
25862
25810
25886
25760
25708
25821
25854
25372
25657
25715
25891
25821
25490
25909
25887
25490
25689
25787
25920
25841
25888
25642
25730
26027
25919
25888
25736
25769
25669
25813
25553
25638
25714
25801
25663
25724
25875
25925
25498
25880
25887
25704
25694
25872
25783
25838
25587
25755
25692
25556
25534
25639
25850
25878
25676
25667
25807
25498
25809
25732
25694
25968
25565
25830
25789
25572
25713
25599
25934
25798
25829
25880
25593
25431
25770
25939
25523
25743
25718
25786
25999
25663
26002
25847
25616
25757
25729
25720
25930
25749
25682
25568
25819
25872
25864
25729
25843
25867
25835
25695
25749
25788
25600
25667
25877
25746
25599
25696
25686
25932
25767
25850
25819
25849
25687
25701
25766
25517
26026
26009
25797
25783
25886
25616
25948
25881
25792
25801
25635
25642
25773
25759
25715
25784
25812
25726
25986
26070
25802
25683
25837
25919
25584
25744
25821
25741
25749
25710
25543
25791
25654
25876
26107
25786
25838
25796
25643
25780
25615
25588
25807
25707
25741
25711
25578
25850
25767
25832
25551
25713
25820
25849
25781
25731
25793
25747
26013
25818
25772
25769
25861
25694
25873
25857
25903
25710
25572
25666
25887
25829
25765
25547
25867
25614
25861
25734
25684
25653
25926
25783
25938
25636
25579
25834
25855
25653
25810
25880
25705
25597
25727
26003
25702
25853
25927
25758
25622
25695
25716
25590
25688
25865
25865
25866
25751
25558
25669
25830
25697
25895
25653
26045
25773
25927
25786
25606
25659
25691
25753
26009
25941
25856
25852
25847
25793
25761
25698
25844
25616
25696
25870
25760
25662
25748
25864
25844
25626
25930
25554
25584
25848
25612
25674
25830
25801
25765
25578
25962
25679
25727
25632
25895
25840
25780
25753
25883
25933
25690
25916
25893
25641
25649
25802
25683
25715
25478
25451
25779
25907
26029
25630
26007
25768
25925
25659
25729
25637
25579
25882
25622
25810
25539
25799
25720
25568
25780
25575
25617
25656
25841
25885
25723
25644
25747
25640
25789
25987
25676
25568
25859
25795
25843
25662
25920
25629
25609
25793
25749
25573
25709
25976
25887
25792
25708
25688
25894
25547
25592
25596
25519
25923
25883
25602
25777
25692
25825
25784
25558
25721
25646
25723
25992
25734
25854
25692
25798
25732
25801
25591
25788
25596
25854
25896
25729
25524
25781
25585
25742
25877
25930
25903
25735
26003
25603
25488
25871
25720
25997
25716
25969
25754
25935
25789
25771
25804
26042
25897
25833
25940
25844
25723
25747
25670
25741
26149
25726
25823
26006
25569
25821
25674
25702
25560
25657
25700
25805
25857
25897
25537
25612
25804
25469
25752
25882
25633
25567
25817
25618
25939
26115
25559
25797
25736
26031
25822
25916
26033
25372
25697
25750
25649
25861
26102
25717
25868
25533
25874
25761
25938
25948
25778
25543
25700
26081
25753
25585
25775
25783
25709
25757
25744
25836
25980
25599
25809
25793
25795
25719
25931
25888
26240
25787
25856
25633
25867
25819
25590
25670
25693
26090
25479
25941
25844
25817
25895
25706
25890
25742
25739
25910
25656
25626
25729
25954
25764
25844
25792
25766
25742
25558
25714
25646
26105
25717
25847
25728
25550
25840
25497
25675
25657
25712
25917
25610
25876
25853
25891
25731
25618
25820
25590
25683
25832
25768
25757
25773
25749
25358
25741
25611
25648
25795
25946
25619
25375
25654
25710
25704
25660
25723
25810
25860
25738
25753
25836
25898
25818
25741
25959
25654
25867
25722
25740
25721
25725
25915
25767
25812
25745
25624
25781
25935
25771
25768
25841
25546
25791
25509
25720
25719
25716
25725
25921
25902
25592
25925
25790
25838
25940
25649
25686
25862
26022
25952
25887
25542
25911
25807
25738
25794
25798
25827
25703
25587
25537
25750
25956
25723
25800
25900
25732
25652
25496
25699
25874
25532
25757
25607
25809
25947
25550
25826
25640
25845
25814
25333
25781
25743
25649
25977
25767
25630
25876
25814
25442
25903
25757
25744
25631
26061
25947
26115
25498
25668
25841
25931
25930
25963
26106
25699
25801
25873
25677
25951
25419
25573
25776
25791
25652
25832
25842
25593
25768
25636
25881
25768
25706
25643
25613
25888
25748
25705
25688
25683
25842
25665
25619
25888
25832
25531
25658
25558
25866
26001
25745
25760
25741
25774
25989
25887
25910
25875
25605
25717
25526
26081
25562
25878
25931
25656
25739
25764
25752
25581
25549
25599
25865
25700
25828
25687
25618
25843
25922
25667
25916
25718
25724
25853
25739
25493
25727
25493
25678
25737
25701
25688
25632
25906
25837
25683
25421
25820
25793
25562
25852
25780
25617
25822
25575
25740
25862
25776
25960
26102
25612
26002
26185
25671
25851
25893
25868
25697
25586
25972
25601
25772
25646
25855
25745
25744
25905
25658
25640
25763
25830
25908
25732
26020
25780
25923
25722
25548
25909
25743
25712
25622
25763
25721
25670
25617
25705
26010
25770
25682
25653
25807
25642
25827
25798
25794
25745
25736
25531
25592
25793
25594
26035
25733
25627
25735
25971
25741
25771
25762
25535
25874
25791
25926
25920
25663
25713
25795
25476
25961
25979
25931
25708
25677
25570
25750
25717
25654
25544
25846
25851
25701
25851
25922
25989
25671
25939
25833
25890
25978
25705
25658
25590
25736
25621
25883
25733
25990
25585
25863
25919
25728
25561
25774
25894
25839
25995
25531
25728
25610
25722
25665
25685
25364
25855
25859
25743
26001
25472
25825
25843
25918
25895
25758
25780
26022
25895
26025
25436
25783
25643
25705
25634
25607
25675
25551
25870
25448
25432
25755
25529
25986
25591
25845
25786
25940
25661
25766
25596
25644
25701
25646
25731
25532
25768
25779
25628
25677
25612
25617
25765
25912
25657
25659
25623
25616
25927
25714
25816
25540
25842
25619
25867
25810
25729
25847
25851
25859
25881
25713
25860
25677
25537
25920
25986
25807
25825
25850
25651
25974
25889
25642
25817
25648
25708
25724
25724
25750
25779
25741
25622
25731
25921
25584
25839
25772
25814
25766
26019
25648
25755
25754
25624
25822
25929
25878
25949
25828
25838
25878
25798
25911
25678
25605
25685
25609
25768
25928
25633
25876
25752
25845
25671
25731
26097
25850
25922
25941
25867
25867
25822
25747
25715
25686
25657
25557
25712
25598
26059
25635
25741
25690
25907
25578
25763
25818
25936
25622
25660
25851
25598
25801
25583
25795
25517
25871
25760
25881
25479
25875
25529
25590
25811
25649
25741
25816
25810
25752
25435
25892
25999
25898
25907
26004
25664
25658
25802
25705
25910
25572
25844
25943
25772
25921
25804
25566
25718
25661
25823
25745
25812
25710
25799
26019
25552
25825
25702
25923
25772
25725
25690
25875
25916
25989
25641
25700
25767
25853
26037
25994
25800
25765
25949
25713
25681
25642
25475
25599
25757
25863
25694
25976
25738
25797
25780
25829
25592
25475
25834
25735
25827
25907
25587
25732
25574
26043
25742
25550
25781
25761
25977
25969
25690
26012
25748
25742
25827
25531
25764
25741
25548
25830
25774
25680
26076
25678
25811
25940
25795
25826
25732
25978
25528
25787
25743
25831
25738
25814
25430
25625
25532
25721
25687
25957
25646
25655
25710
25633
25833
25957
25851
25975
25624
25933
25978
25918
25697
25922
25625
25737
25661
25977
25639
25845
25719
25717
25869
25596
25774
25726
25609
25576
25942
25587
25666
25844
25850
25704
25768
25590
25656
25887
25732
25740
25794
25785
25658
25798
25808
25910
25821
25797
25761
25674
25847
25686
25607
25715
25922
25881
25729
25685
25661
25617
25747
25717
25852
25666
25876
25911
26057
25886
25825
25700
25663
25530
25795
25753
25709
25753
25852
25839
25798
25954
25713
25759
25624
25892
25870
26099
25701
25855
25935
25702
25855
25653
25483
25797
25954
25645
25689
26035
25676
25537
25643
25647
25670
25839
25720
25646
25666
25647
25980
25686
25809
25836
25754
25992
25860
25658
26067
25635
25888
25648
25741
25696
25996
25844
25839
25943
25782
25735
25743
25642
25821
25754
25784
25967
25618
25596
25734
25828
25642
25841
25792
25608
25829
25720
25698
25811
25744
25881
25732
25681
25720
25819
25869
25644
25608
25456
25821
25627
25519
26135
25794
25498
25910
25707
25880
25766
25616
25890
25993
25980
25953
25658
25583
25765
25997
25833
25668
25715
25474
25808
25648
25831
25671
25775
25716
25518
25604
25679
25733
25874
25683
25597
25762
25739
25863
26028
25703
25739
25763
25671
25820
25878
25778
25597
25994
25849
25380
25910
25813
25710
25966
25826
25906
25898
25415
25794
25568
25791
25847
25868
25730
25643
25748
25951
25903
25991
25643
25917
25668
25580
25863
25699
25785
25893
25738
25635
25801
25782
25579
25587
25813
25790
25887
25584
25888
26008
25975
25750
25816
26002
25702
25816
25865
25808
25948
25694
26015
25988
25921
25838
25873
25665
25697
25845
25661
25771
25936
25946
25812
25704
25687
25791
26001
25618
25704
25527
25768
25838
25635
25780
25818
25511
25925
25598
25707
25777
25835
25606
25575
25827
25716
25859
25782
25539
25843
25887
26090
25801
25832
26052
25731
25882
25700
25550
25804
25662
25939
25903
25581
25855
25669
25704
25625
25881
25743
25765
25665
25781
25910
25839
25499
26021
25529
25842
25656
25844
25821
25386
25882
25878
25700
25672
25730
25726
25688
25800
25906
25588
25867
25687
25789
25624
25837
25911
25746
25879
25906
25525
25565
25782
25710
26039
25582
25701
25900
25778
25339
25806
25843
25752
25798
25543
25604
25711
25886
25693
25818
25866
25966
25953
25868
25684
25479
25938
25711
25710
25666
25925
25568
25762
25684
25756
25707
25965
25638
25728
25554
25516
25737
25809
26058
25913
25797
25693
25933
25765
25729
25884
25701
25743
25746
25763
26017
25733
25958
25517
25628
25777
26019
25811
25902
25620
25862
25789
25822
25854
25912
25844
25963
25833
25846
25885
25997
26033
25794
26003
25795
25560
25986
25752
26013
25827
26049
25629
25669
25640
25630
25759
25685
25866
25779
26058
25762
26006
25697
25798
25769
25660
25679
25927
26099
25744
25749
25582
25689
25820
25813
25818
25775
25692
25999
25716
25738
25844
25785
25803
25912
25410
25755
25577
25895
25727
25829
25828
25526
25908
25617
25644
25777
25742
25935
25797
25948
25940
25836
25738
25728
25698
25767
25857
25968
25980
25826
25925
25724
25725
25541
25706
25781
25839
25933
25727
25618
25939
25744
25619
25657
25772
25722
25799
25864
25658
25793
25673
25882
25758
25614
25678
26014
25732
26056
25706
25700
25685
26031
25697
25777
25607
25871
25593
25784
25729
25811
25747
25765
25856
25860
25950
25739
25766
25567
25812
26036
25693
25613
25778
25661
25780
25586
25660
25827
25867
25869
25689
25987
26043
26001
25836
25793
25877
25704
25880
25876
25855
25642
25828
25781
25746
25352
25659
25756
25708
25745
25774
25618
25852
25616
25898
26069
25576
25822
25605
25742
25667
25860
25775
25774
25718
25716
25872
25868
26074
25826
25756
25773
25765
26245
25878
25960
25719
25772
25691
25840
25767
25891
25502
25802
25904
25834
25750
25770
25691
25606
25804
25687
25833
25714
25816
25859
25560
25870
25557
25892
25767
25599
25792
25984
25649
25557
25863
25678
25621
25721
25828
25882
25696
25747
25734
25668
25795
25746
26013
25912
25876
25738
25652
25803
25605
25886
25680
26014
25846
25985
25802
25716
25786
25883
25578
25933
25800
25696
25824
25747
26014
25878
25833
25882
25872
25532
25783
25459
25920
25914
26035
25778
25827
26004
25624
25681
25933
25957
25373
25864
25671
25647
25727
25842
25711
25781
25591
25738
25864
25614
25751
26049
25757
25723
25832
26130
26089
25983
25768
25754
25520
25774
25830
25748
25641
25675
25772
25641
25781
25697
25815
25836
25875
25783
25865
25498
25899
25514
25855
25641
25731
25728
25715
25771
25386
25505
25909
25891
25771
26182
25644
26095
25821
25663
25772
25676
25738
25602
25670
25827
25855
25796
25968
25696
25591
25719
25920
25834
25888
25554
25815
25976
25785
26007
25619
25681
25652
25759
26006
25674
25642
25719
25953
25890
25718
25862
25599
25781
25444
25606
25883
25953
25624
25699
25522
25586
25876
25767
25727
25858
25794
25859
26005
25792
25911
25500
25865
25768
25757
25868
25783
25694
25656
25941
25850
25864
25785
25809
25802
25740
25660
26069
25873
25629
25608
25844
25766
25794
25811
25819
25927
25914
25690
25832
25579
25805
25657
25947
25897
25891
25679
25779
25982
25774
25543
25727
25718
25549
25915
25709
25813
25760
25560
25641
25798
25771
25881
25705
25688
25616
25856
25890
25838
25816
26005
25877
25801
25615
25790
25539
25649
25490
25803
25789
25674
25816
25509
25729
26099
25469
25838
25838
25759
25732
25729
25765
25783
25993
25950
25906
25485
25641
25726
25742
25821
25755
25582
26057
25861
25816
25761
25830
25898
25832
25528
25606
25895
25536
25850
25767
25844
25902
25800
26105
25552
25622
25595
25568
25941
25722
25853
25587
25814
25710
25746
25952
25711
25880
25838
25825
25976
25854
25746
25796
25913
25938
26100
25808
25862
25756
25792
25774
25616
25658
25781
25761
25619
25651
25944
25715
26146
25967
25888
25968
25626
25635
25670
25759
25681
25893
25806
25822
25588
25984
25935
25703
25736
25986
25758
25527
25693
25555
25797
25822
25633
25752
25810
25824
25823
25568
25808
25816
25980
25638
25986
25686
25751
25859
25694
26022
25881
25559
25900
25825
25589
25892
25605
25691
25806
25811
25801
25618
25938
25630
25747
25650
25929
26075
25663
25752
25944
25858
25615
25624
25929
25708
25689
25954
25669
25669
25840
25877
25903
25931
25962
25737
25954
25610
25777
25773
25891
25774
25497
25766
25479
25677
25657
25862
25931
25599
25645
25562
25849
25937
25879
25610
25712
25685
25626
25850
25952
25946
25862
25920
25888
25759
25879
25749
25828
25467
25960
25614
25754
25687
25676
25770
25870
25784
25751
25693
25930
26064
25699
25801
25693
25694
25596
25779
25837
25886
25546
25671
25893
25883
25827
26091
26018
25879
25919
25664
25926
25722
25730
26023
25772
25967
25769
25945
25778
25693
25642
25826
25783
25704
25783
25906
25776
25586
25804
25660
25705
25599
25876
25750
26085
25690
25951
25885
25827
25724
25893
25732
25917
26057
25649
26095
25838
25896
25791
25915
25859
25847
25922
25485
25738
25634
25619
25723
26002
25777
25803
25933
25697
25572
25791
25615
25804
25665
25912
25769
25422
25780
26058
25762
25645
25639
25728
25819
25755
25949
25716
25739
25809
25636
25811
25781
25734
25611
25673
25704
25726
25711
25747
25662
26125
25774
25634
25988
25737
25890
25410
25753
25943
25800
25767
25674
25723
25784
25830
25644
26027
25800
25876
25997
25881
25888
25946
25744
26005
25848
25775
25826
25815
25948
25846
25748
25953
25567
25985
25940
25602
25583
25812
25846
25809
25721
25526
25641
25752
25832
25797
25567
25826
25799
25814
25805
25711
25646
25571
25621
25869
25562
25833
25520
25618
25857
25890
25767
25599
25780
25822
25804
25610
25678
25654
25852
25915
25662
25728
25756
25403
25879
25880
25909
25761
25643
25883
25823
25643
25919
25712
25787
25697
25752
25765
25792
25694
25729
25644
26007
25777
25759
25542
25674
25632
25840
25945
25682
25548
25414
25838
25703
25705
25860
25641
25545
25885
25948
25554
25927
25738
25709
25730
25688
25981
25562
25854
25957
26021
25769
25738
25821
25601
25731
25542
25908
25818
25903
25885
25740
25562
25791
25533
25656
25761
25630
25878
25891
25669
25934
25716
25773
25874
25675
25899
25877
25721
25729
25847
25798
25571
25856
25594
25670
25605
26028
25866
25543
25757
25819
25804
25911
25792
25749
25914
25663
25747
25757
25442
25769
25807
25661
25549
25477
25663
26067
25629
25471
25748
25841
25507
25838
25937
25616
25862
25776
25702
25830
25780
25860
25804
25612
25771
25876
25860
25684
25748
25745
25997
25888
25856
25738
25719
26028
25630
25882
25820
25621
25579
25918
25689
26088
26105
25642
25906
26059
25691
25421
25651
25878
25913
25918
25693
25602
25597
25694
25806
25619
25846
25690
25652
25590
26035
25758
25782
25724
25690
25593
26037
25838
25824
25905
25891
25737
25721
25686
25904
25862
25792
25722
25726
25677
25756
25566
25530
25588
25828
25965
25755
25739
25843
25878
25794
25598
25868
25870
25851
25759
25814
25668
25918
25888
25566
25437
25878
25761
25599
25798
25880
25891
25741
25940
25815
25672
25930
25609
25784
25730
25746
25829
25695
25767
25750
25805
26115
25741
25794
25742
25510
25600
25778
25453
25876
25865
25666
25607
25670
25761
25770
25963
25703
25606
25744
25531
25831
25786
25848
25820
25965
25817
25796
25978
25761
25807
25777
25751
25767
25511
25697
25825
25828
25837
25936
25657
25905
25661
25644
25734
25732
25357
25529
25701
25804
25641
25937
26011
25847
25881
25912
25930
25628
25623
26086
25793
25581
25866
25591
25728
25849
25694
25726
25660
25721
25793
25756
25734
25896
25948
25802
25922
25767
25959
25898
25896
25637
25791
25829
25472
25537
25732
25745
25984
25639
25815
25585
25630
25845
25752
25771
26079
25837
25717
25896
25879
25810
25759
25959
25736
25608
25827
25890
25950
25964
25725
25769
25908
26026
25744
25831
25708
25648
25870
26027
25877
26014
25695
25793
25784
25580
25849
25720
25643
25636
25623
25697
25643
25873
25845
25644
25701
25912
25757
25800
25967
25812
25564
25774
25750
25713
25833
25751
25848
25620
25722
25752
25871
25712
25695
25628
25764
25463
25675
25856
25846
25838
25710
25878
25941
25616
25588
25817
25856
25883
26078
25948
25583
25867
25603
25757
25811
25810
25969
25719
25900
25896
25737
25899
26049
25868
25720
25709
25848
25929
25555
25857
25509
25691
25749
25902
25921
25534
26117
25862
25588
25526
25657
26011
25720
25748
26041
25690
25814
25638
25922
25618
25601
25547
25522
25597
25811
25779
25770
25755
25875
25790
25727
25552
25645
25985
25924
25916
25606
25455
26009
25944
25797
26045
25631
25721
25844
25817
25883
25888
25847
25729
26005
25848
25691
25788
25595
25884
25635
25838
25771
25668
26019
25838
25695
25896
25663
26003
25917
25777
25669
25835
25687
25663
25855
25660
25742
25755
25746
25623
25672
25801
25840
26080
25549
25774
25701
25707
25636
25855
25681
25764
25959
25770
25671
25734
25942
25756
25707
25657
25851
25835
25717
25711
25649
25791
25970
26101
25677
25984
25864
25551
25735
25908
26000
25796
25917
25872
25971
25820
25748
25981
25895
25782
25857
25740
25683
25951
25651
25681
25797
25893
25545
25682
25771
25600
25923
25738
25845
25740
25762
25559
25883
26001
25794
25623
25507
25910
25614
25683
25867
26001
25767
25629
25749
25678
25804
25496
26066
25701
25844
25502
25732
25875
25839
25806
26005
25852
25723
25862
25675
25812
25793
25778
25609
25809
25923
25964
25942
25674
25914
25969
25778
25744
25804
25682
25691
25608
25598
25934
25815
25657
25778
26041
26000
25800
25682
25553
25853
25975
25725
25940
25744
25909
25730
25446
25728
25902
25831
25694
25728
25945
25763
25984
25583
25894
25858
25929
25779
25841
25877
26195
25702
25828
25852
25991
25552
25847
25714
25782
25704
25658
25717
25778
25713
25829
25830
25740
25735
25584
25818
25836
25866
25777
25811
26062
25795
25908
25667
25698
25823
25873
25763
25843
25787
25872
25396
25745
25638
25878
25864
25441
25681
25793
25891
25833
25591
25732
25909
25687
25511
25856
25620
26068
25913
25786
25825
25868
25734
25603
25721
25715
25859
25949
25886
25811
25986
25578
25732
25749
25952
25672
25802
25740
25814
25749
25840
25792
25881
25813
25778
25439
25829
25920
25700
25684
25634
25821
25902
25693
25902
25696
25857
25995
25953
25753
25723
25810
25666
25765
25968
25566
25620
25456
25752
25707
25591
25717
25642
25774
25704
25857
25604
25745
25708
25789
25637
25680
25600
25575
25785
25641
25719
25842
25801
25883
25736
25837
25788
25639
25662
25899
25852
25799
25636
25559
25526
25850
25800
25754
25520
25650
25709
25746
25833
25725
25873
25632
25648
25725
25783
25717
25598
25829
25564
25728
25875
25628
25754
26012
25676
25774
25720
25622
25765
25624
25811
25921
25965
25765
25881
25828
25669
25548
25590
25652
25639
25930
26263
25834
25746
25797
25689
25636
25757
25837
25918
25750
25771
25898
25877
26007
25740
25706
25735
25550
25590
26052
25746
25720
25802
25891
25846
25771
25759
25647
25544
25787
25501
25859
25675
25824
25812
25725
25666
25886
25902
25714
25726
25935
25846
25828
25933
25785
25710
25843
25791
25553
25825
25701
25857
25628
25646
25789
25840
25494
25743
25879
25815
25916
25915
25765
25475
25770
25737
25694
25836
25877
25762
25695
25656
25913
25828
25877
25610
25685
25510
25765
25987
25847
25428
25668
25822
25793
25703
26062
25618
25789
25939
25836
25962
25775
25472
25790
25928
25645
25953
25624
25975
26023
25653
25709
25654
25764
25772
25875
25773
25680
25863
25655
25801
25741
26153
25914
26012
25730
25616
25686
25829
25732
25684
25853
25731
25803
25965
25781
25863
25868
25736
25561
26064
25744
25725
25770
25706
26016
25759
25809
25581
25652
25464
25762
25556
26052
25782
25759
25940
25820
26059
25689
25614
25840
25881
25819
25968
25652
25851
25587
25873
25740
25963
25712
25585
25885
25871
25596
25831
25853
25660
25842
25668
25703
25760
25800
25963
25837
25730
25972
25820
25750
25912
25635
25662
25663
25845
25848
25961
25456
25748
25581
25854
25854
25821
26020
25778
25747
25714
25581
25915
25723
25862
25669
25696
25676
25645
25961
25886
25962
25812
25887
25676
25741
25603
25510
25685
25434
25866
25790
25766
25725
25696
25825
25957
25649
25900
25849
25805
25817
26008
25593
25755
26039
25739
25555
25885
26092
25846
25665
25693
25655
25594
25814
25641
25806
25909
25719
25482
25829
25702
25762
25776
25992
25698
25872
25708
25820
25742
25768
25850
25941
25506
25903
25635
25664
25832
25730
25668
25811
25755
25720
25831
25716
25723
25802
25862
25606
25630
25826
25805
25898
25769
25424
25817
25723
26034
25678
25702
25779
25559
25823
25965
25767
25788
25915
25684
25699
25704
25717
25902
25842
25655
25701
25968
25721
25713
25584
25802
25643
25726
25878
25630
25716
26234
25990
25643
25696
25862
25595
25802
25676
25849
25662
25838
25646
25673
25781
25873
25717
25892
25769
25765
25740
25692
25823
25744
25796
25785
25876
25586
25751
25839
26168
25913
25627
25570
25751
25792
25870
25829
25732
25463
25926
25746
25747
25805
26022
25828
25860
25784
25823
25670
25968
25476
25802
25629
25670
25746
25750
26064
25701
25725
25734
25954
25837
25715
25659
25925
25756
25693
25925
25730
25698
25757
25778
25938
25698
25736
25703
25962
25614
25499
25797
26001
25624
25771
25715
25849
25636
25762
25592
26044
25570
25617
25540
25673
25555
25604
25768
25738
25645
25879
25579
25786
25726
25931
25918
25776
25768
25854
25857
25788
25743
25734
25554
25766
25772
25851
25820
25817
25757
25834
25833
25648
25895
25556
25792
25568
25963
25854
25722
25610
25671
25835
25755
25801
25576
25927
25997
25764
25604
25623
25973
25971
25787
25984
25916
25664
25790
25629
25757
26037
25734
25949
25697
25630
25882
25583
25592
25775
25595
25675
25994
25714
25857
26079
25940
25600
25711
25676
25780
25780
25633
25676
25750
26047
25837
25826
25762
25785
25728
25663
25782
26098
25896
25662
25620
25808
25717
25650
25729
25846
25745
25725
25745
25906
25754
25757
25909
25821
25928
25582
25831
25716
25866
25572
25700
25630
26036
25668
25812
25982
25892
25719
25747
25855
25749
25612
25689
25806
25454
25856
25818
25866
25635
25745
25955
25776
25745
25785
25776
25726
25721
25659
25679
25993
25996
25714
25621
25617
25765
25612
25725
26077
25762
25585
25640
25768
25653
25516
25643
25694
25923
25611
25834
25571
25621
25993
25638
25788
25621
25594
25769
25717
25796
25786
25793
25774
25451
25708
25876
25972
25617
25835
25640
25547
25768
25669
25749
25821
25769
26113
25756
25891
25634
25813
25734
25796
25516
25822
25862
25791
25914
25747
25713
25721
25696
25799
25559
25798
25832
25885
25837
25613
25775
25763
25644
25548
25834
25764
25590
25582
25674
25801
25780
25656
25696
25643
25758
25647
25894
25658
25966
25636
25771
25596
25887
25708
25733
25897
25620
25743
25851
25852
25702
25973
25842
25596
25804
25716
25631
25795
25905
25720
25625
25899
25671
25637
25871
25851
25519
25727
26064
25994
25745
25869
25637
25607
25884
25933
25833
25869
25707
25918
25639
25830
25884
25733
25931
25984
25958
25795
25857
25968
25795
25871
25754
25839
25782
25465
25904
25920
25788
25929
25929
25695
25490
25879
25763
25819
25544
25863
25906
25735
25940
25768
25673
26007
25868
25906
25649
25950
25782
25875
25903
25609
25818
25590
25625
25652
25765
25712
25742
25793
25900
25821
25851
25494
25829
25860
26002
25696
25938
25643
25665
25604
25792
25755
25599
25872
25695
25619
25895
25889
25987
25878
25648
25623
25646
25596
25583
25832
25685
25697
25786
25721
25968
25713
25687
25948
25771
25666
25837
25541
25921
25777
25927
25638
25788
25873
25561
25788
25855
25968
25876
25703
25953
25663
25685
25753
25832
25588
25909
25864
25838
25836
25874
25981
25991
25699
25777
25849
25783
25690
25518
25767
25943
25941
25861
25817
25678
25863
25708
25859
25713
25732
25753
25923
25775
25885
25801
26002
25647
25743
25775
25777
25647
25827
25920
25880
26053
25500
25756
25823
25745
25762
25633
25735
25838
25878
25847
25951
25746
25386
25672
25831
25898
25858
25702
25589
26013
25924
25781
25819
25997
25806
25863
26056
25837
25745
25931
25869
25804
25903
25585
25576
25690
25987
25889
25626
25809
25824
25974
25796
25746
25735
26004
25637
25815
25753
25912
25533
25803
25875
25813
25744
25602
25690
25736
25981
25674
25780
25606
25850
25665
25858
25635
25603
25794
25801
25647
25656
25809
25746
25732
25873
25808
25564
25728
25819
25951
25616
25996
25835
25790
25782
25548
25751
25429
25985
25989
25766
25565
25685
25803
25786
25797
25670
25683
25642
25709
25758
25960
25848
25680
25872
26092
25756
25544
26086
25878
25886
25910
26030
25586
25928
25895
25569
25684
25668
25843
25891
25832
25825
25734
25767
25645
25829
25796
26094
25789
25648
25559
25813
26157
25998
25750
25705
25908
25694
25738
25491
25446
25600
26035
25931
25765
25942
25818
25661
25961
25740
25660
25837
25637
25837
25921
25688
25696
25810
25662
25808
25761
26070
25427
25796
25867
25773
25647
25588
25589
25650
25665
25875
25918
25925
25863
25527
26020
25609
25651
25982
25914
25773
25783
25553
25961
25604
25735
25850
25927
25715
25818
25625
25787
25857
25734
25943
25859
25924
25913
25772
26073
25935
25455
25815
25791
25741
25939
25890
25868
25762
25924
25757
25954
26023
25674
25772
25775
25717
25942
25825
26096
25612
25721
25876
25893
25596
25661
25634
25577
25736
25818
25601
25899
25607
25479
25723
25885
25928
25710
25882
25801
25804
25629
25827
25841
25748
25720
25888
25761
25688
25567
25755
25792
26109
25863
25703
25546
25774
25925
25802
25794
25674
25512
25664
25704
25711
25716
25736
25767
26050
25588
25833
25753
25707
25927
25691
25707
25941
26018
25713
25899
25689
26096
25805
25783
26045
25692
25701
25949
25643
25736
25691
25652
25556
25446
25797
25730
25879
25575
25837
25882
25770
26031
26113
26006
25906
25829
25788
25859
25720
25882
25854
25586
25839
25951
25430
25535
25710
25737
25770
25776
25855
25879
25823
25712
25482
25841
25778
25878
25505
25924
25919
25690
25658
25831
25853
25680
26110
25727
25523
25659
25783
25726
25550
25722
26006
25819
25703
25660
25917
25624
25873
25551
25937
25501
25654
25749
25987
25416
25487
25734
25882
25706
25509
25841
25742
25704
25655
25657
25708
25867
25603
25869
25998
25920
25671
25551
25945
26038
25871
25735
25850
25837
25849
25693
25941
25626
25835
25610
25754
25675
25914
25723
25698
25708
25881
25693
25739
25663
25733
25566
25589
25897
25883
25873
25572
25873
25550
25797
25887
25679
25735
25540
25858
25776
25762
25866
25654
26009
25970
25778
25828
25634
25765
25877
25709
25714
25731
25540
25910
25815
25686
25710
25741
25808
25650
25878
25886
25717
25536
26121
25685
25826
25912
25949
25772
25716
25800
25697
25669
25601
25646
25901
25666
25674
25526
25788
25916
26039
25765
25835
25757
25869
25585
25600
25898
25758
25570
25701
25632
25704
26026
25900
25836
25967
25728
25747
26028
25939
25883
25830
25992
25739
25638
25561
25771
25807
25937
25762
25611
25580
25716
25760
25582
25889
26027
26006
25669
25828
25840
25697
25802
25712
25725
25780
25916
25852
25554
25618
25857
25482
25694
25804
25884
26051
25645
25940
25803
25474
25777
25752
25984
25853
25781
25686
25774
25722
25477
25640
25766
25860
25866
25656
25897
25910
25593
25739
25837
25861
25866
25716
25681
25730
25640
25671
25600
25605
25916
25601
25796
25827
25909
25623
25906
25702
25686
25756
25768
25729
25778
25713
25889
25733
25827
25583
25814
25729
25799
25823
25773
25528
25528
25655
25660
25970
25683
25762
25824
25728
25931
25643
25669
26014
25742
25992
26110
25728
25826
25916
25835
25566
25591
25585
25851
25570
25767
25976
25770
25821
25540
25677
25838
25631
25681
25856
26028
26007
25683
25615
25463
25503
25548
25404
25710
25731
25708
25788
25973
26098
25743
25811
25689
25933
25440
25954
25850
25679
25860
25811
25752
25827
25453
25683
25636
25651
25833
25699
25782
25724
25907
25718
25768
25604
26043
25729
25715
25732
25718
25581
25729
25664
25588
25813
25721
25523
25793
25715
25878
25726
25631
26085
25720
25721
25830
25964
25875
25743
25773
25708
25763
25709
25704
26075
25920
25783
25638
25955
25663
25953
25669
25680
25413
25912
25831
25679
25872
25834
25950
25580
25957
25826
25842
25907
25755
25895
25727
25797
25501
25599
25679
25577
25973
25651
25699
26048
25761
25827
25808
25685
25782
25956
25828
25623
25885
25801
25765
25854
25700
25496
25771
25808
25836
25906
25929
25589
25505
25449
25751
25657
25831
25821
25580
25691
25546
26021
25750
25736
25790
25655
25901
25697
25949
25781
25780
25668
25731
25727
25663
25673
25787
25769
25910
25743
25738
25639
25977
25824
25900
25541
25575
25792
25759
25631
25650
25823
25759
25522
25876
25605
25745
25728
25823
25643
25864
25809
25754
25882
25952
25665
25808
25736
25846
25845
25803
25745
25593
25657
25723
25700
25507
25778
25335
25512
25751
25819
25903
26033
25919
25545
25727
25697
25775
25827
25728
26002
25646
25747
25851
25681
25857
25650
25542
25660
25890
25619
25823
25930
26018
25734
25729
25653
25886
25856
25564
25970
25864
25977
25618
25668
25623
25628
25838
25820
25648
25663
25723
25830
25649
25678
25759
25895
25834
26115
25791
25866
25908
25589
25643
25952
25895
25937
25714
25912
25900
25614
25874
25759
25914
25841
25807
26029
25737
25765
25746
25908
25952
26038
25976
25589
25629
25774
26034
25732
26187
25754
25652
25794
25849
25967
25620
25713
25619
25734
25601
25799
26045
25701
25872
25813
25777
25660
25599
25776
25621
25754
25881
25528
25809
25691
25884
25586
25954
25885
25968
26088
25559
25679
25828
25850
25709
25838
25783
25621
25683
25681
25886
25992
25651
25716
25920
26108
25712
25812
25769
25832
25573
25729
25830
25803
25762
25811
25863
25843
25755
25843
25631
25734
25857
25838
26042
25654
25897
25865
25920
25699
25795
26096
25931
25935
25500
25963
25847
25696
25940
25906
25650
25699
25681
25987
25775
25503
25726
25718
25794
25829
25863
25759
25833
25765
25923
25888
25916
25541
25496
25760
25639
25684
26003
25726
25774
26049
25827
25448
25574
25659
25759
25733
25902
25680
25536
25799
25709
25958
25873
25882
25817
25806
25601
25911
25790
25632
25902
25578
25513
25765
25636
25343
25519
25770
25936
25759
25780
25733
25563
25704
25755
25959
25757
26030
25858
25688
25808
25606
25968
26046
25861
25566
25756
25781
25780
26045
25650
25876
25772
25815
25797
25794
25577
25885
25974
25977
25506
25754
25697
25640
25876
25909
25905
26017
25604
25852
25668
25700
25900
25683
25749
25892
25833
25969
25688
25905
25720
25564
25825
25819
25781
25676
25627
25702
25943
25771
25956
25968
25562
25508
25926
25909
25726
25794
25890
25368
25835
25819
25780
25804
25922
25846
25500
25874
25748
25995
25698
25669
25792
25689
25649
25804
25836
26169
25838
25784
25741
25647
25921
25904
25983
25759
25792
25895
25728
25843
25893
25937
25615
25743
25715
25848
25720
26001
25763
25857
25752
25622
25730
25573
25787
26073
25662
25976
25942
25717
25870
25732
25830
25607
25549
25775
25941
25832
25596
25743
25648
25768
25833
25676
25788
25701
25799
25875
25700
25600
26063
25905
25864
25749
25638
25604
25794
25618
25821
25553
26039
25825
25923
25857
25661
25842
25836
25663
25687
25728
25690
25782
25863
25945
25941
25592
25966
25992
25639
25797
25940
25841
25658
25569
25883
25841
25951
25682
25737
25725
25740
25754
25701
25747
25798
25531
25866
25930
25697
25931
25601
25656
25864
25717
25794
25623
25650
25706
25804
25698
25912
25773
25573
25471
25725
25892
25565
25897
25784
25696
25632
25551
25747
25890
25570
25695
25621
25920
25764
25707
25939
25836
25876
25836
25901
25781
25464
25866
25870
25742
25677
25646
25913
25793
25933
25820
25893
25620
25676
25715
25895
25707
25782
25762
25856
25705
25942
25754
26008
25820
25734
25721
25569
25698
25551
25808
25846
25701
25601
25931
25925
25984
25744
25877
25605
25636
25853
25742
25561
26012
25860
25795
26016
25671
25578
25814
25856
25798
25708
25787
25649
25922
25621
25792
25867
25791
25920
25794
26062
25849
25971
25740
25652
25524
25734
25745
25636
25831
25702
25684
25653
25614
26004
25879
25782
25647
25840
25821
25662
25812
25727
25920
25846
25719
25884
25714
25644
25766
25631
25833
25850
25587
25699
25901
25837
25868
25845
25632
25930
25705
25770
25780
25928
25637
25737
25592
25631
25565
25728
25600
25510
25957
25649
25886
25872
25479
25652
25636
25878
25752
25814
25683
25763
25962
25667
25925
25704
25586
25764
25808
25849
25680
25684
25841
25742
25650
25747
25694
25737
25879
25766
25788
25718
25782
25728
25668
25705
25824
25752
25725
25732
25881
26028
25696
25801
25939
25825
25709
25599
25700
26055
25814
26201
25937
25659
25945
25688
25724
26110
25956
25992
25775
25798
25819
25860
25699
25739
25849
25599
25755
25811
25733
25790
25943
25743
25700
25724
25733
25805
25626
25729
26018
25736
25881
25874
25978
25436
25667
25975
25861
25908
25700
26014
25899
25910
25682
25931
25926
25759
25574
25756
25758
25844
26034
25786
25900
25734
25844
25727
25741
25847
25497
25564
25787
25635
25747
25620
25968
25578
26021
25875
25765
25712
25622
25719
26047
25960
25834
25697
25959
25885
25594
25711
25785
25814
25534
25788
25732
26117
25633
25801
25908
25817
25899
25661
25685
25776
25829
25906
25823
25728
25575
25831
25574
25717
25676
25932
25774
25809
26001
25719
25579
25712
25584
25676
25747
25601
25687
25761
25775
25818
25741
25766
25698
25649
25656
25797
25698
25713
25858
25646
25911
25669
25696
25696
25840
25889
25790
25921
25986
25874
25685
25518
26018
25693
25522
26006
25666
25701
25943
25953
25648
25760
25890
25794
25597
25742
25539
25694
25583
25840
25412
25743
25644
25752
25780
25679
25766
25832
25692
25871
25386
25745
25614
25775
25910
25577
25895
25886
25650
25761
26068
25829
25773
25854
25881
25848
25829
26032
25773
25586
25631
25853
25576
25709
26109
25832
25704
25718
25788
25585
26057
25872
25896
25672
25833
25773
25508
25697
25875
25731
25786
25916
25935
25573
25408
25604
25705
25753
25695
25872
25827
25777
25711
25533
25682
25579
25903
25888
25956
25903
25782
25987
25856
25992
25733
25663
25627
25618
25516
25728
25639
25871
25738
25701
25766
25613
25916
25792
25885
25778
25686
25595
25883
25665
25651
25849
25801
25713
25862
25893
25914
25530
25964
25846
25716
25877
25418
25697
25828
25893
25632
25737
25804
25870
25812
25798
25926
25628
25981
25777
25874
25669
25771
25826
25925
25667
25927
25958
25692
25691
25552
25827
25680
25832
25602
26069
25829
25844
25867
25850
25786
25557
25845
25876
25703
25748
25814
25832
25733
25760
25966
25670
25712
25860
25860
25799
25696
25891
25732
25713
25854
25770
25603
25734
25605
26034
25707
25841
25743
25992
25864
25958
25648
25911
25830
25741
25820
25714
25788
25927
25897
25941
25873
25733
25779
25422
25736
26038
26030
25722
25721
25716
25687
25768
25674
25695
25782
26080
25908
25408
25834
25567
25830
25972
25462
25680
25833
26011
25736
25658
25778
25758
25801
25828
25674
26008
25883
25943
25957
25773
25574
25776
25749
25811
25731
26033
25600
25704
25680
25758
25845
25980
25908
25353
25901
25562
25951
25785
25596
25775
25883
25998
25829
25843
25926
26039
25650
26005
25783
25969
25894
25614
25778
25720
25636
25766
25714
25919
25505
25938
25955
25813
25950
25723
25775
25889
25860
25814
25571
25719
25803
25736
25756
25945
25563
25709
25872
25968
25683
26039
25775
25847
25780
25660
25801
25556
25695
25545
25828
25841
25755
25965
25736
25725
25634
25981
25586
25649
25888
25907
25630
25618
26001
25626
25983
25423
25711
25927
25923
25792
25852
25561
25693
25658
25945
25643
25532
25805
25947
25612
25939
26022
25854
25669
25765
25855
26063
25577
25905
25985
25945
25784
25819
25717
25688
25851
25634
25846
25817
25957
25654
25841
25900
25653
25837
25901
25736
25911
25768
25895
25905
25745
25784
25883
25730
25673
25800
25786
25878
25925
25746
26032
25848
25780
25482
25668
25494
25824
25457
25718
26036
25572
25635
25572
25640
25910
25673
25880
25993
26040
25653
25733
25853
25626
25948
25644
25607
25643
25866
25833
25691
25863
25764
25811
25666
25748
25794
25646
25609
25685
25936
26085
25648
25532
25770
25913
25502
25990
25894
25816
25793
25844
25841
25590
25884
25874
25846
26054
25691
25643
25902
25523
25946
25631
25820
25710
25663
25663
26069
25681
25771
25743
25937
25810
26173
25827
25631
25968
25927
26033
25777
25723
25901
25469
25811
25695
25823
25746
25713
25835
25901
25872
25605
25908
25869
25792
25925
25899
25715
25778
25609
25904
25895
25689
25771
25702
25851
25870
25879
26124
25822
25892
25664
25688
25878
26062
25765
25999
26155
25860
25784
25820
25619
25727
25860
25870
25935
25861
25578
25777
25776
25575
25878
25748
25595
25476
25798
25653
25813
25724
25693
25718
25838
25686
25908
25848
25951
25776
25882
25814
25972
25900
25940
25733
25900
26118
25723
25715
25781
25790
25734
25970
25760
25658
25654
25769
25754
26001
25541
25718
25765
25773
25903
25895
25758
25886
25621
25837
25856
25865
25666
25774
25870
25761
26036
25639
25683
25914
25709
25667
25847
25654
25735
26065
25621
25787
25697
25621
25498
25761
25437
25483
25873
25838
25765
25591
25895
25875
25860
25861
25593
26067
25633
25973
26011
25824
25766
25789
25735
25780
25908
25524
25783
25726
25636
25872
25553
25459
25629
25739
25820
25914
25715
25634
25635
25832
25674
25612
25630
25918
25781
25589
25628
25906
25797
26037
25755
26058
25585
25813
25989
25858
25569
25623
26047
25815
25859
26074
25938
25860
25718
25531
25740
25701
25799
25992
25677
26076
25649
25922
25757
25946
25725
26069
25866
25669
25747
25662
25656
25731
25493
25855
25743
25983
25761
25723
25828
25784
25966
25736
25778
25626
25625
25750
25909
25911
25703
25732
25919
25846
25772
25496
25680
25795
25748
25719
25787
25817
25951
25816
25895
25896
25852
25796
25881
25975
25712
25513
25817
25969
25798
25733
25631
25745
25820
25794
25785
25951
25697
25692
25936
25546
25705
25884
25757
25883
25686
25753
25829
25521
25733
25879
25742
25709
25657
25862
25887
25769
25806
25841
25723
25708
25910
25718
25874
25657
25633
25900
25727
25650
25822
25766
25790
25950
26046
25891
25690
25562
25763
25698
25565
25817
25681
25766
25642
25899
26020
25687
25877
25737
25643
25528
25711
25632
25552
25621
25848
25920
25850
25955
25759
25741
25745
25588
25670
25569
25689
25934
25672
25698
25823
25571
26045
26011
25781
25712
25728
25697
25728
25665
25807
25782
25561
25656
25675
25496
25810
25874
25931
26015
25805
25672
26240
25827
25635
25683
25778
25904
25650
25789
25333
25583
25938
25391
25995
25514
25778
25758
25597
25609
26021
25970
25727
25913
25677
25616
25964
25919
25732
25763
25702
25592
25921
25665
25765
25657
25984
25744
25980
25621
25749
25680
25660
25783
25973
25786
25829
25752
25837
25720
25743
25649
25841
26160
25920
25611
25673
25682
25631
25823
25763
25680
25751
25762
25620
25942
25739
25434
25530
25716
25731
25687
25756
25757
25646
25739
25597
26050
25992
25695
25825
25862
25590
25751
25516
25766
25827
25497
25684
25880
25894
26022
25610
25615
25575
25685
25847
25570
25800
25733
25721
25741
25645
25895
25753
25508
25887
25835
25624
25884
25917
25598
25746
25874
25663
25798
25760
25826
25643
25867
25935
25797
25637
25741
25866
25786
25690
25728
25816
25681
25960
25729
25798
25743
25983
25814
25819
25768
25738
25862
25646
25806
25740
25529
25659
25793
25776
25870
25857
25821
25796
25692
25734
25847
26079
25754
25713
25777
25875
25682
25799
25941
25712
25842
25937
25609
25583
25651
25819
25657
25766
25764
25809
25918
25541
25854
25692
25708
25728
25585
25770
25675
25833
25934
26140
25821
25937
25754
26014
25842
25778
25509
25957
25988
25868
25817
25529
25716
25728
25718
25698
25733
25702
25905
25795
25729
25664
25825
25902
25703
25494
25781
25735
25874
25847
25990
25628
25734
25651
25793
25914
25810
25573
25713
25825
25680
25670
25858
25654
25912
25901
25759
25717
25696
25616
25824
25676
25749
26003
25432
25873
25773
25855
25866
25869
25904
25555
25632
25775
25759
25778
25846
25989
25809
25548
25807
25883
25732
25766
25774
25769
26038
25653
25745
25738
25785
25508
25852
25630
25914
25724
25616
25829
25800
25731
25780
25838
25722
25728
25622
25976
25614
25708
25724
25645
25544
25822
25809
25781
25662
25801
25790
25690
25413
25833
25828
25869
25641
25905
25829
25780
25938
25398
25637
25890
25764
25868
25813
25894
25610
25669
25870
25726
25683
25765
25976
25562
25897
25796
25917
25684
25810
25554
25956
25867
25773
25614
25792
25547
25558
25668
25952
25728
25924
25410
25605
25742
25759
25754
25782
25823
25907
25969
25892
25848
25759
25911
25830
25696
25678
25790
25932
25975
25730
25736
25765
25887
26096
25688
25870
25642
25485
25728
25998
25594
25817
25910
25745
25506
25725
25616
25908
25706
25971
25793
25895
25740
25691
25673
25798
25792
25714
25872
25882
25782
25506
25741
25930
25701
25623
25706
25880
25657
25388
25811
25900
25496
25901
25656
25907
25650
25707
25847
25811
25722
25664
25680
25921
25962
25853
25776
25818
25575
25688
25622
25838
25647
25634
25788
25857
25740
25834
25664
25972
25725
25681
25960
25839
25570
25755
25548
25594
25945
25653
25761
25962
25774
25688
25889
25869
25872
25950
25766
25582
25586
25409
25969
25523
26016
25536
25894
25708
25666
25559
25817
25716
25454
25688
25583
25638
25911
25934
26166
25968
25726
25958
25951
25708
25845
25784
25768
25744
25610
25467
26019
25464
25800
25672
25810
25716
25735
25960
25690
25725
26127
25940
25879
26023
25503
25798
25734
25638
25938
25811
25889
25809
25828
25803
25760
25859
25838
25556
25877
25612
25811
25677
25759
25901
25827
25594
25794
25798
25839
25853
25660
25889
25740
25962
25585
25811
25929
25499
25957
25911
25757
25887
25866
25597
25448
25702
25823
25640
25903
25625
25622
25852
25560
25586
25955
26043
25652
25680
25627
25758
25759
25674
26017
25868
25801
25924
25401
25648
25884
25926
25591
25824
25743
25928
25620
25648
25685
25776
25755
25666
25907
25803
25787
25671
25638
25750
25837
25813
25879
25851
25588
25671
25712
25903
25700
25747
25900
25774
25875
25506
25634
25810
25656
25519
25916
25628
25879
25739
25735
25734
26034
25905
25568
26045
25840
25742
25675
25618
25660
25529
25676
25622
25869
25791
25716
25788
25752
25979
25829
25740
25762
26099
25674
25776
25790
25768
25859
25715
25945
25872
25740
25900
25804
25496
25574
25613
25651
25867
25812
25820
25846
25524
25811
25877
25764
25488
25930
25752
25920
25647
25850
25608
25684
25864
25787
25711
25499
25799
25690
25617
25613
25862
25882
25853
25826
25903
25850
25756
25820
25642
25695
25774
25923
25909
25960
25791
25676
25682
25822
25783
25931
25678
25762
25884
25706
25652
25602
25903
25842
25630
25603
25723
25770
25776
25703
26092
25603
25662
25643
25952
25889
25470
25563
25774
25916
25928
26014
25763
25570
25925
25839
25637
26057
25845
25869
26003
25836
25383
25394
25624
25866
25926
25488
25757
25866
25806
25815
25711
25728
25812
25713
25764
25779
25934
25903
25574
25908
25724
25797
25781
25898
25659
25502
25798
25662
25908
25509
26245
25649
25758
25637
25858
25772
25950
25771
25461
25707
25767
25967
25699
25955
25732
25621
25811
25642
26001
25709
25865
26097
25736
25776
25850
25750
25736
25700
25798
25991
25986
25754
25632
25840
25907
25640
25569
25791
25725
25710
25677
25482
25576
25574
25680
25549
25747
25888
25757
26016
25814
25726
25756
25777
25908
26010
25670
25867
25546
26018
25686
25720
25847
25620
25832
25858
25600
25720
25916
25692
25728
25657
25903
25942
25655
25595
25948
25501
25781
25709
25842
25970
25569
25910
25723
25771
25537
25872
25698
25494
25832
25905
25575
25752
25598
25761
25820
26066
25895
25670
25806
25628
25643
25675
26032
25731
25886
25884
25929
25732
25809
25922
25603
25729
25771
25805
25836
25533
25734
25587
25797
25972
25778
25677
25597
25620
25648
25868
25635
25584
25615
25854
25824
25655
25871
25639
25631
26092
25689
25642
25678
25752
26099
25951
26001
25952
26151
25696
25785
25809
25726
25455
26001
25835
25955
25755
25878
26129
25889
25772
25700
25782
25837
25726
25757
25721
25732
25553
25720
25739
